7450-646496
OS REV: 1.05 Sensor Cal: 1573749572
Time (sec),  BV (Volts),  T (deg C),  DO (mg/l),  Q ()
1717610040,+3.18,+26.996, +5.579,+0.960
1717610160,+3.18,+27.012, +5.483,+0.959
1717610280,+3.18,+26.996, +5.329,+0.959
1717610400,+3.18,+27.029, +5.447,+0.960
1717610520,+3.18,+27.038, +5.539,+0.960
1717610640,+3.18,+27.046, +5.455,+0.960
1717610760,+3.18,+27.038, +5.495,+0.960
1717610880,+3.17,+27.038, +5.471,+0.960
1717611000,+3.17,+27.038, +5.576,+0.959
1717611120,+3.17,+27.038, +5.632,+0.960
1717611240,+3.18,+27.004, +5.599,+0.960
1717611360,+3.17,+27.038, +5.682,+0.959
1717611480,+3.17,+27.029, +5.643,+0.960
1717611600,+3.17,+27.038, +5.696,+0.960
1717611720,+3.17,+27.021, +5.543,+0.959
1717611840,+3.17,+27.021, +5.582,+0.960
1717611960,+3.17,+27.055, +5.638,+0.959
1717612080,+3.17,+27.046, +5.801,+0.960
1717612200,+3.17,+27.106, +5.793,+0.960
1717612320,+3.17,+27.114, +5.724,+0.961
1717612440,+3.17,+27.106, +5.717,+0.960
1717612560,+3.17,+27.131, +5.769,+0.960
1717612680,+3.17,+27.106, +5.843,+0.961
1717612800,+3.17,+27.157, +5.748,+0.960
1717612920,+3.17,+27.182, +5.899,+0.960
1717613040,+3.17,+27.199, +5.872,+0.960
1717613160,+3.17,+27.182, +5.848,+0.960
1717613280,+3.17,+27.191, +5.880,+0.961
1717613400,+3.17,+27.242, +5.993,+0.960
1717613520,+3.17,+27.309, +6.097,+0.960
1717613640,+3.17,+27.335, +6.026,+0.959
1717613760,+3.17,+27.335, +5.952,+0.960
1717613880,+3.17,+27.259, +6.028,+0.960
1717614000,+3.17,+27.335, +6.211,+0.961
1717614120,+3.17,+27.343, +5.977,+0.960
1717614240,+3.17,+27.377, +6.092,+0.960
1717614360,+3.17,+27.411, +6.102,+0.960
1717614480,+3.17,+27.411, +6.242,+0.960
1717614600,+3.17,+27.411, +5.996,+0.961
1717614720,+3.17,+27.369, +6.193,+0.960
1717614840,+3.17,+27.377, +6.242,+0.961
1717614960,+3.17,+27.394, +6.217,+0.961
1717615080,+3.17,+27.411, +6.300,+0.961
1717615200,+3.17,+27.411, +6.341,+0.961
1717615320,+3.17,+27.369, +6.533,+0.961
1717615440,+3.17,+27.377, +6.483,+0.960
1717615560,+3.17,+27.403, +6.533,+0.961
1717615680,+3.17,+27.420, +6.556,+0.961
1717615800,+3.17,+27.454, +6.566,+0.961
1717615920,+3.17,+27.445, +6.727,+0.961
1717616040,+3.17,+27.488, +6.596,+0.961
1717616160,+3.17,+27.445, +6.698,+0.961
1717616280,+3.17,+27.394, +6.704,+0.961
1717616400,+3.17,+27.428, +6.629,+0.961
1717616520,+3.17,+27.454, +6.897,+0.962
1717616640,+3.17,+27.479, +6.881,+0.962
1717616760,+3.17,+27.505, +6.886,+0.961
1717616880,+3.17,+27.522, +6.846,+0.961
1717617000,+3.17,+27.522, +6.798,+0.961
1717617120,+3.17,+27.564, +7.081,+0.963
1717617240,+3.18,+27.598, +6.845,+0.961
1717617360,+3.18,+27.632, +7.188,+0.961
1717617480,+3.18,+27.717, +6.947,+0.962
1717617600,+3.18,+27.726, +6.925,+0.962
1717617720,+3.17,+27.811, +7.026,+0.962
1717617840,+3.18,+27.786, +6.932,+0.963
1717617960,+3.18,+27.811, +6.840,+0.962
1717618080,+3.17,+27.820, +7.103,+0.962
1717618200,+3.17,+27.862, +7.168,+0.962
1717618320,+3.17,+27.845, +6.914,+0.960
1717618440,+3.17,+27.888, +6.953,+0.962
1717618560,+3.17,+27.905, +7.114,+0.963
1717618680,+3.17,+27.930, +7.227,+0.962
1717618800,+3.17,+27.930, +7.029,+0.961
1717618920,+3.17,+27.981, +7.204,+0.962
1717619040,+3.17,+28.016, +7.503,+0.963
1717619160,+3.17,+28.033, +7.295,+0.964
1717619280,+3.17,+28.050, +7.157,+0.961
1717619400,+3.17,+28.041, +7.324,+0.962
1717619520,+3.17,+28.067, +7.103,+0.962
1717619640,+3.17,+28.092, +7.262,+0.963
1717619760,+3.17,+28.126, +7.721,+0.963
1717619880,+3.17,+28.169, +7.249,+0.962
1717620000,+3.17,+28.126, +6.892,+0.962
1717620120,+3.17,+28.135, +7.617,+0.963
1717620240,+3.17,+28.143, +7.531,+0.964
1717620360,+3.17,+28.109, +7.103,+0.963
1717620480,+3.17,+28.135, +7.375,+0.962
1717620600,+3.17,+28.126, +7.422,+0.963
1717620720,+3.17,+28.143, +7.466,+0.964
1717620840,+3.17,+28.161, +7.552,+0.962
1717620960,+3.17,+28.195, +7.508,+0.963
1717621080,+3.17,+28.178, +7.305,+0.962
1717621200,+3.17,+28.212, +7.351,+0.962
1717621320,+3.17,+28.195, +7.582,+0.963
1717621440,+3.17,+28.229, +7.803,+0.964
1717621560,+3.17,+28.280, +7.575,+0.962
1717621680,+3.17,+28.271, +7.853,+0.963
1717621800,+3.17,+28.289, +7.754,+0.964
1717621920,+3.17,+28.280, +7.739,+0.964
1717622040,+3.17,+28.280, +7.782,+0.963
1717622160,+3.17,+28.306, +7.714,+0.964
1717622280,+3.17,+28.280, +7.577,+0.964
1717622400,+3.17,+28.306, +7.742,+0.963
1717622520,+3.17,+28.280, +7.509,+0.962
1717622640,+3.17,+28.314, +7.567,+0.963
1717622760,+3.17,+28.365, +7.801,+0.963
1717622880,+3.17,+28.340, +7.739,+0.963
1717623000,+3.17,+28.382, +8.021,+0.964
1717623120,+3.17,+28.365, +7.810,+0.964
1717623240,+3.17,+28.425, +7.925,+0.964
1717623360,+3.17,+28.468, +7.634,+0.965
1717623480,+3.17,+28.468, +8.039,+0.964
1717623600,+3.17,+28.468, +7.934,+0.964
1717623720,+3.17,+28.476, +7.942,+0.964
1717623840,+3.17,+28.459, +7.970,+0.965
1717623960,+3.17,+28.511, +7.913,+0.963
1717624080,+3.17,+28.485, +7.824,+0.964
1717624200,+3.17,+28.511, +7.813,+0.964
1717624320,+3.17,+28.494, +7.929,+0.964
1717624440,+3.17,+28.588, +8.083,+0.964
1717624560,+3.17,+28.562, +8.138,+0.964
1717624680,+3.17,+28.622, +8.205,+0.965
1717624800,+3.17,+28.622, +8.146,+0.965
1717624920,+3.17,+28.613, +7.900,+0.964
1717625040,+3.17,+28.622, +8.160,+0.964
1717625160,+3.17,+28.630, +7.986,+0.964
1717625280,+3.17,+28.630, +7.951,+0.964
1717625400,+3.17,+28.673, +8.331,+0.964
1717625520,+3.17,+28.690, +8.206,+0.964
1717625640,+3.17,+28.707, +8.331,+0.964
1717625760,+3.17,+28.699, +7.835,+0.963
1717625880,+3.17,+28.690, +8.057,+0.964
1717626000,+3.17,+28.742, +8.270,+0.965
1717626120,+3.17,+28.742, +8.077,+0.964
1717626240,+3.17,+28.776, +8.195,+0.964
1717626360,+3.17,+28.742, +7.986,+0.964
1717626480,+3.17,+28.767, +7.954,+0.964
1717626600,+3.17,+28.776, +8.305,+0.965
1717626720,+3.17,+28.793, +8.447,+0.965
1717626840,+3.17,+28.819, +8.451,+0.965
1717626960,+3.17,+28.827, +8.019,+0.964
1717627080,+3.17,+28.767, +7.975,+0.963
1717627200,+3.17,+28.801, +8.525,+0.965
1717627320,+3.17,+28.793, +8.137,+0.964
1717627440,+3.17,+28.810, +8.421,+0.965
1717627560,+3.17,+28.819, +8.128,+0.965
1717627680,+3.17,+28.819, +8.184,+0.966
1717627800,+3.17,+28.844, +8.328,+0.966
1717627920,+3.17,+28.896, +8.608,+0.965
1717628040,+3.17,+28.870, +8.041,+0.964
1717628160,+3.17,+28.887, +8.113,+0.965
1717628280,+3.17,+28.853, +8.142,+0.965
1717628400,+3.17,+28.947, +8.511,+0.965
1717628520,+3.17,+28.930, +8.377,+0.965
1717628640,+3.17,+28.896, +8.026,+0.965
1717628760,+3.17,+28.921, +8.174,+0.965
1717628880,+3.17,+28.930, +8.409,+0.965
1717629000,+3.17,+28.981, +8.428,+0.964
1717629120,+3.17,+28.930, +8.031,+0.964
1717629240,+3.17,+28.904, +8.231,+0.965
1717629360,+3.17,+28.939, +8.450,+0.965
1717629480,+3.17,+28.939, +8.119,+0.964
1717629600,+3.17,+28.913, +8.111,+0.965
1717629720,+3.17,+28.921, +8.478,+0.965
1717629840,+3.17,+28.939, +8.537,+0.965
1717629960,+3.17,+28.921, +8.097,+0.965
1717630080,+3.17,+28.879, +7.956,+0.964
1717630200,+3.17,+28.904, +8.512,+0.966
1717630320,+3.17,+28.904, +8.221,+0.964
1717630440,+3.17,+28.887, +8.012,+0.965
1717630560,+3.17,+28.921, +8.286,+0.965
1717630680,+3.17,+28.921, +8.293,+0.966
1717630800,+3.17,+28.879, +7.839,+0.964
1717630920,+3.17,+28.939, +8.474,+0.965
1717631040,+3.17,+28.956, +8.247,+0.965
1717631160,+3.17,+28.947, +8.265,+0.966
1717631280,+3.17,+28.956, +8.267,+0.965
1717631400,+3.17,+28.964, +8.505,+0.965
1717631520,+3.17,+28.939, +8.355,+0.965
1717631640,+3.17,+28.921, +8.404,+0.965
1717631760,+3.17,+28.921, +8.502,+0.966
1717631880,+3.17,+28.887, +8.101,+0.965
1717632000,+3.17,+28.896, +8.427,+0.966
1717632120,+3.17,+28.956, +8.574,+0.965
1717632240,+3.17,+28.973, +8.043,+0.964
1717632360,+3.17,+28.904, +8.183,+0.964
1717632480,+3.17,+28.887, +8.292,+0.965
1717632600,+3.17,+28.870, +8.216,+0.965
1717632720,+3.17,+28.879, +8.203,+0.965
1717632840,+3.17,+28.896, +8.059,+0.965
1717632960,+3.17,+28.870, +8.440,+0.966
1717633080,+3.17,+28.930, +8.144,+0.965
1717633200,+3.17,+28.981, +8.676,+0.966
1717633320,+3.17,+28.973, +8.087,+0.964
1717633440,+3.17,+28.887, +7.935,+0.965
1717633560,+3.17,+28.939, +8.614,+0.966
1717633680,+3.17,+28.904, +8.035,+0.965
1717633800,+3.17,+28.921, +8.277,+0.965
1717633920,+3.17,+28.904, +8.194,+0.965
1717634040,+3.17,+28.921, +8.364,+0.965
1717634160,+3.17,+28.879, +8.487,+0.965
1717634280,+3.17,+28.853, +8.369,+0.965
1717634400,+3.17,+28.861, +8.035,+0.964
1717634520,+3.17,+28.861, +8.194,+0.965
1717634640,+3.17,+28.921, +8.005,+0.964
1717634760,+3.17,+28.887, +8.012,+0.965
1717634880,+3.17,+28.887, +8.156,+0.966
1717635000,+3.17,+28.930, +8.312,+0.965
1717635120,+3.17,+28.887, +7.886,+0.964
1717635240,+3.17,+28.904, +8.252,+0.965
1717635360,+3.17,+28.913, +8.183,+0.966
1717635480,+3.17,+28.879, +8.270,+0.965
1717635600,+3.17,+28.861, +8.348,+0.965
1717635720,+3.17,+28.827, +8.178,+0.964
1717635840,+3.17,+28.844, +8.292,+0.965
1717635960,+3.17,+28.836, +7.869,+0.964
1717636080,+3.17,+28.810, +8.311,+0.965
1717636200,+3.17,+28.819, +8.552,+0.964
1717636320,+3.17,+28.801, +8.376,+0.965
1717636440,+3.17,+28.776, +8.085,+0.964
1717636560,+3.17,+28.759, +8.211,+0.965
1717636680,+3.17,+28.767, +8.247,+0.965
1717636800,+3.17,+28.801, +8.484,+0.965
1717636920,+3.17,+28.784, +8.121,+0.965
1717637040,+3.17,+28.784, +8.435,+0.965
1717637160,+3.17,+28.759, +8.456,+0.965
1717637280,+3.17,+28.742, +7.820,+0.965
1717637400,+3.17,+28.716, +8.003,+0.965
1717637520,+3.17,+28.699, +7.884,+0.965
1717637640,+3.17,+28.673, +8.084,+0.964
1717637760,+3.17,+28.699, +8.300,+0.965
1717637880,+3.17,+28.707, +8.379,+0.965
1717638000,+3.17,+28.690, +8.330,+0.965
1717638120,+3.17,+28.682, +8.195,+0.966
1717638240,+3.17,+28.665, +8.110,+0.966
1717638360,+3.17,+28.665, +8.290,+0.964
1717638480,+3.17,+28.673, +8.256,+0.965
1717638600,+3.17,+28.630, +8.198,+0.965
1717638720,+3.17,+28.596, +7.992,+0.965
1717638840,+3.17,+28.630, +8.225,+0.966
1717638960,+3.17,+28.639, +8.181,+0.964
1717639080,+3.17,+28.630, +8.144,+0.964
1717639200,+3.17,+28.605, +7.644,+0.963
1717639320,+3.16,+28.579, +8.053,+0.965
1717639440,+3.17,+28.588, +7.935,+0.964
1717639560,+3.17,+28.588, +8.149,+0.964
1717639680,+3.17,+28.528, +7.956,+0.965
1717639800,+3.17,+28.502, +7.994,+0.964
1717639920,+3.16,+28.485, +7.848,+0.965
1717640040,+3.16,+28.502, +7.979,+0.964
1717640160,+3.17,+28.502, +7.880,+0.965
1717640280,+3.17,+28.485, +7.906,+0.965
1717640400,+3.17,+28.494, +7.855,+0.964
1717640520,+3.17,+28.494, +8.051,+0.964
1717640640,+3.17,+28.519, +8.036,+0.964
1717640760,+3.17,+28.459, +7.800,+0.965
1717640880,+3.17,+28.476, +7.948,+0.964
1717641000,+3.17,+28.502, +7.912,+0.964
1717641120,+3.17,+28.468, +7.775,+0.964
1717641240,+3.17,+28.417, +7.813,+0.964
1717641360,+3.17,+28.408, +7.768,+0.965
1717641480,+3.17,+28.391, +7.845,+0.964
1717641600,+3.17,+28.374, +7.747,+0.965
1717641720,+3.17,+28.382, +7.827,+0.965
1717641840,+3.17,+28.374, +7.743,+0.965
1717641960,+3.17,+28.382, +7.730,+0.964
1717642080,+3.17,+28.348, +7.745,+0.964
1717642200,+3.17,+28.306, +7.701,+0.964
1717642320,+3.17,+28.340, +7.640,+0.964
1717642440,+3.17,+28.348, +7.661,+0.964
1717642560,+3.17,+28.340, +7.725,+0.966
1717642680,+3.17,+28.331, +7.623,+0.965
1717642800,+3.17,+28.357, +7.554,+0.964
1717642920,+3.17,+28.314, +7.769,+0.964
1717643040,+3.17,+28.323, +7.605,+0.965
1717643160,+3.17,+28.306, +7.521,+0.963
1717643280,+3.17,+28.306, +7.737,+0.965
1717643400,+3.17,+28.297, +7.649,+0.964
1717643520,+3.17,+28.289, +7.366,+0.964
1717643640,+3.17,+28.306, +7.578,+0.965
1717643760,+3.17,+28.297, +7.664,+0.965
1717643880,+3.17,+28.314, +7.634,+0.965
1717644000,+3.17,+28.297, +7.487,+0.964
1717644120,+3.17,+28.254, +7.415,+0.964
1717644240,+3.17,+28.263, +7.502,+0.964
1717644360,+3.17,+28.203, +7.262,+0.964
1717644480,+3.17,+28.186, +7.272,+0.964
1717644600,+3.17,+28.186, +7.545,+0.964
1717644720,+3.17,+28.229, +7.504,+0.964
1717644840,+3.17,+28.212, +7.336,+0.965
1717644960,+3.17,+28.203, +7.336,+0.964
1717645080,+3.17,+28.212, +7.368,+0.963
1717645200,+3.17,+28.203, +7.353,+0.964
1717645320,+3.17,+28.161, +7.110,+0.964
1717645440,+3.17,+28.161, +7.323,+0.964
1717645560,+3.17,+28.186, +7.340,+0.964
1717645680,+3.17,+28.203, +7.485,+0.964
1717645800,+3.17,+28.178, +7.385,+0.964
1717645920,+3.17,+28.169, +7.286,+0.964
1717646040,+3.17,+28.152, +7.383,+0.963
1717646160,+3.17,+28.161, +7.254,+0.965
1717646280,+3.17,+28.152, +7.343,+0.964
1717646400,+3.17,+28.126, +7.261,+0.964
1717646520,+3.17,+28.152, +7.335,+0.963
1717646640,+3.17,+28.152, +7.277,+0.965
1717646760,+3.17,+28.135, +7.192,+0.964
1717646880,+3.17,+28.135, +7.323,+0.965
1717647000,+3.17,+28.178, +7.606,+0.964
1717647120,+3.17,+28.161, +7.287,+0.965
1717647240,+3.17,+28.118, +7.310,+0.963
1717647360,+3.17,+28.126, +7.150,+0.963
1717647480,+3.17,+28.118, +7.355,+0.965
1717647600,+3.17,+28.109, +7.349,+0.964
1717647720,+3.17,+28.135, +7.478,+0.964
1717647840,+3.17,+28.109, +6.993,+0.963
1717647960,+3.17,+28.101, +7.259,+0.964
1717648080,+3.17,+28.092, +7.151,+0.963
1717648200,+3.17,+28.092, +7.294,+0.964
1717648320,+3.17,+28.101, +7.238,+0.964
1717648440,+3.17,+28.084, +7.038,+0.963
1717648560,+3.17,+28.058, +7.153,+0.964
1717648680,+3.17,+28.024, +6.939,+0.963
1717648800,+3.17,+28.033, +7.152,+0.964
1717648920,+3.17,+28.050, +7.102,+0.963
1717649040,+3.17,+28.084, +7.320,+0.963
1717649160,+3.17,+28.058, +7.171,+0.964
1717649280,+3.17,+28.033, +6.941,+0.963
1717649400,+3.17,+28.050, +7.153,+0.964
1717649520,+3.17,+28.075, +7.348,+0.964
1717649640,+3.17,+28.101, +7.351,+0.964
1717649760,+3.17,+28.033, +7.146,+0.964
1717649880,+3.17,+28.058, +7.056,+0.963
1717650000,+3.17,+28.041, +7.127,+0.963
1717650120,+3.17,+28.041, +6.980,+0.963
1717650240,+3.17,+27.990, +6.885,+0.964
1717650360,+3.17,+28.016, +6.975,+0.963
1717650480,+3.17,+28.033, +7.405,+0.963
1717650600,+3.17,+28.058, +7.335,+0.963
1717650720,+3.17,+28.058, +7.158,+0.964
1717650840,+3.17,+28.050, +7.156,+0.963
1717650960,+3.17,+28.092, +7.501,+0.965
1717651080,+3.17,+28.041, +6.989,+0.964
1717651200,+3.17,+28.016, +7.246,+0.964
1717651320,+3.17,+28.024, +7.132,+0.964
1717651440,+3.17,+27.939, +6.595,+0.962
1717651560,+3.17,+27.964, +6.952,+0.963
1717651680,+3.17,+27.922, +6.943,+0.964
1717651800,+3.17,+27.888, +6.965,+0.963
1717651920,+3.17,+27.879, +6.964,+0.964
1717652040,+3.17,+27.888, +7.035,+0.963
1717652160,+3.17,+27.862, +7.077,+0.964
1717652280,+3.17,+27.930, +7.140,+0.964
1717652400,+3.17,+27.896, +7.054,+0.963
1717652520,+3.17,+27.879, +6.858,+0.963
1717652640,+3.17,+27.888, +6.954,+0.963
1717652760,+3.17,+27.888, +7.056,+0.964
1717652880,+3.17,+27.845, +6.766,+0.963
1717653000,+3.17,+27.871, +6.924,+0.963
1717653120,+3.17,+27.956, +7.036,+0.964
1717653240,+3.17,+27.888, +6.522,+0.961
1717653360,+3.17,+27.862, +6.996,+0.963
1717653480,+3.17,+27.896, +7.015,+0.963
1717653600,+3.17,+27.871, +6.730,+0.962
1717653720,+3.17,+27.913, +7.236,+0.963
1717653840,+3.17,+27.939, +7.012,+0.963
1717653960,+3.17,+27.956, +7.129,+0.964
1717654080,+3.17,+27.947, +6.875,+0.963
1717654200,+3.17,+27.913, +6.848,+0.963
1717654320,+3.17,+27.913, +7.089,+0.963
1717654440,+3.17,+27.888, +6.817,+0.963
1717654560,+3.17,+27.922, +7.092,+0.964
1717654680,+3.17,+27.922, +7.109,+0.963
1717654800,+3.17,+27.922, +7.121,+0.964
1717654920,+3.17,+27.913, +6.827,+0.963
1717655040,+3.17,+27.939, +7.069,+0.962
1717655160,+3.17,+27.939, +6.962,+0.963
1717655280,+3.17,+27.879, +6.823,+0.962
1717655400,+3.17,+27.879, +7.099,+0.963
1717655520,+3.17,+27.956, +7.266,+0.964
1717655640,+3.17,+27.922, +7.026,+0.963
1717655760,+3.17,+27.896, +6.780,+0.963
1717655880,+3.17,+27.913, +7.138,+0.963
1717656000,+3.17,+27.964, +7.187,+0.963
1717656120,+3.17,+27.905, +6.861,+0.963
1717656240,+3.17,+27.913, +7.206,+0.963
1717656360,+3.17,+27.956, +7.254,+0.963
1717656480,+3.17,+27.930, +6.781,+0.963
1717656600,+3.17,+27.879, +6.819,+0.963
1717656720,+3.17,+27.871, +6.871,+0.963
1717656840,+3.17,+27.922, +7.218,+0.964
1717656960,+3.17,+27.939, +7.171,+0.964
1717657080,+3.17,+27.922, +7.034,+0.963
1717657200,+3.17,+27.922, +7.046,+0.962
1717657320,+3.17,+27.947, +7.192,+0.964
1717657440,+3.17,+27.973, +6.855,+0.962
1717657560,+3.17,+27.922, +7.130,+0.963
1717657680,+3.17,+27.939, +7.114,+0.963
1717657800,+3.17,+27.913, +6.974,+0.963
1717657920,+3.17,+27.947, +7.167,+0.963
1717658040,+3.17,+27.905, +7.008,+0.963
1717658160,+3.17,+27.837, +6.791,+0.963
1717658280,+3.17,+27.862, +7.035,+0.963
1717658400,+3.17,+27.871, +7.124,+0.963
1717658520,+3.17,+27.837, +6.836,+0.962
1717658640,+3.17,+27.871, +7.023,+0.962
1717658760,+3.17,+27.896, +7.111,+0.962
1717658880,+3.17,+27.888, +7.056,+0.962
1717659000,+3.17,+27.896, +7.115,+0.963
1717659120,+3.17,+27.905, +7.099,+0.963
1717659240,+3.17,+27.879, +6.809,+0.963
1717659360,+3.17,+27.879, +7.040,+0.962
1717659480,+3.17,+27.862, +6.956,+0.963
1717659600,+3.17,+27.871, +7.083,+0.964
1717659720,+3.17,+27.862, +7.074,+0.962
1717659840,+3.17,+27.854, +6.947,+0.964
1717659960,+3.17,+27.845, +7.039,+0.963
1717660080,+3.17,+27.837, +6.856,+0.963
1717660200,+3.17,+27.820, +7.012,+0.963
1717660320,+3.17,+27.837, +7.000,+0.963
1717660440,+3.17,+27.845, +6.975,+0.963
1717660560,+3.17,+27.820, +6.987,+0.962
1717660680,+3.17,+27.820, +6.955,+0.963
1717660800,+3.17,+27.803, +6.934,+0.963
1717660920,+3.17,+27.803, +6.953,+0.962
1717661040,+3.17,+27.803, +6.941,+0.963
1717661160,+3.17,+27.794, +6.943,+0.962
1717661280,+3.17,+27.777, +6.930,+0.962
1717661400,+3.17,+27.794, +6.933,+0.962
1717661520,+3.17,+27.786, +6.911,+0.962
1717661640,+3.17,+27.760, +6.938,+0.962
1717661760,+3.17,+27.769, +6.922,+0.963
1717661880,+3.17,+27.752, +6.923,+0.963
1717662000,+3.17,+27.743, +6.931,+0.963
1717662120,+3.17,+27.743, +6.924,+0.962
1717662240,+3.17,+27.752, +6.886,+0.963
1717662360,+3.17,+27.743, +6.887,+0.962
1717662480,+3.17,+27.752, +6.883,+0.963
1717662600,+3.17,+27.743, +6.895,+0.962
1717662720,+3.17,+27.726, +6.908,+0.963
1717662840,+3.17,+27.726, +6.871,+0.962
1717662960,+3.17,+27.709, +6.880,+0.962
1717663080,+3.17,+27.692, +6.827,+0.961
1717663200,+3.17,+27.700, +6.879,+0.962
1717663320,+3.17,+27.692, +6.863,+0.962
1717663440,+3.17,+27.675, +6.903,+0.962
1717663560,+3.17,+27.666, +6.840,+0.962
1717663680,+3.17,+27.683, +6.804,+0.962
1717663800,+3.17,+27.666, +6.806,+0.962
1717663920,+3.17,+27.658, +6.791,+0.962
1717664040,+3.17,+27.658, +6.851,+0.962
1717664160,+3.17,+27.649, +6.821,+0.962
1717664280,+3.17,+27.649, +6.790,+0.962
1717664400,+3.17,+27.666, +6.721,+0.962
1717664520,+3.17,+27.632, +6.772,+0.962
1717664640,+3.17,+27.632, +6.769,+0.963
1717664760,+3.17,+27.624, +6.761,+0.962
1717664880,+3.17,+27.624, +6.806,+0.963
1717665000,+3.17,+27.615, +6.721,+0.962
1717665120,+3.17,+27.624, +6.711,+0.961
1717665240,+3.17,+27.598, +6.837,+0.962
1717665360,+3.17,+27.598, +6.682,+0.962
1717665480,+3.17,+27.598, +6.704,+0.962
1717665600,+3.17,+27.598, +6.673,+0.962
1717665720,+3.17,+27.598, +6.655,+0.963
1717665840,+3.17,+27.573, +6.740,+0.962
1717665960,+3.17,+27.590, +6.634,+0.961
1717666080,+3.17,+27.590, +6.637,+0.962
1717666200,+3.17,+27.598, +6.631,+0.962
1717666320,+3.17,+27.564, +6.712,+0.962
1717666440,+3.17,+27.564, +6.614,+0.962
1717666560,+3.17,+27.573, +6.601,+0.962
1717666680,+3.17,+27.556, +6.626,+0.962
1717666800,+3.17,+27.556, +6.620,+0.962
1717666920,+3.17,+27.573, +6.600,+0.962
1717667040,+3.17,+27.564, +6.585,+0.962
1717667160,+3.17,+27.564, +6.605,+0.962
1717667280,+3.17,+27.556, +6.550,+0.962
1717667400,+3.17,+27.547, +6.579,+0.962
1717667520,+3.17,+27.564, +6.532,+0.961
1717667640,+3.17,+27.547, +6.555,+0.962
1717667760,+3.17,+27.556, +6.593,+0.962
1717667880,+3.17,+27.556, +6.600,+0.963
1717668000,+3.17,+27.556, +6.587,+0.962
1717668120,+3.17,+27.564, +6.677,+0.962
1717668240,+3.17,+27.539, +6.602,+0.962
1717668360,+3.17,+27.539, +6.588,+0.962
1717668480,+3.17,+27.539, +6.593,+0.962
1717668600,+3.17,+27.539, +6.590,+0.962
1717668720,+3.17,+27.547, +6.613,+0.963
1717668840,+3.17,+27.556, +6.579,+0.962
1717668960,+3.17,+27.539, +6.660,+0.961
1717669080,+3.17,+27.539, +6.600,+0.961
1717669200,+3.17,+27.556, +6.596,+0.962
1717669320,+3.17,+27.530, +6.638,+0.962
1717669440,+3.17,+27.530, +6.625,+0.962
1717669560,+3.17,+27.547, +6.529,+0.962
1717669680,+3.17,+27.564, +6.539,+0.962
1717669800,+3.17,+27.530, +6.681,+0.962
1717669920,+3.17,+27.547, +6.546,+0.961
1717670040,+3.17,+27.530, +6.597,+0.961
1717670160,+3.16,+27.539, +6.579,+0.962
1717670280,+3.16,+27.539, +6.524,+0.962
1717670400,+3.16,+27.513, +6.605,+0.962
1717670520,+3.17,+27.530, +6.590,+0.961
1717670640,+3.17,+27.539, +6.542,+0.961
1717670760,+3.17,+27.539, +6.587,+0.962
1717670880,+3.17,+27.522, +6.661,+0.962
1717671000,+3.16,+27.522, +6.585,+0.962
1717671120,+3.16,+27.513, +6.609,+0.962
1717671240,+3.16,+27.530, +6.604,+0.962
1717671360,+3.17,+27.539, +6.612,+0.962
1717671480,+3.16,+27.530, +6.605,+0.962
1717671600,+3.17,+27.547, +6.604,+0.961
1717671720,+3.16,+27.522, +6.718,+0.962
1717671840,+3.16,+27.513, +6.714,+0.962
1717671960,+3.16,+27.522, +6.602,+0.962
1717672080,+3.16,+27.522, +6.631,+0.962
1717672200,+3.17,+27.539, +6.599,+0.962
1717672320,+3.16,+27.530, +6.706,+0.961
1717672440,+3.16,+27.513, +6.633,+0.962
1717672560,+3.16,+27.522, +6.624,+0.962
1717672680,+3.16,+27.522, +6.689,+0.963
1717672800,+3.17,+27.530, +6.689,+0.962
1717672920,+3.16,+27.505, +6.643,+0.961
1717673040,+3.16,+27.522, +6.648,+0.963
1717673160,+3.16,+27.539, +6.654,+0.962
1717673280,+3.16,+27.513, +6.687,+0.962
1717673400,+3.17,+27.530, +6.653,+0.963
1717673520,+3.16,+27.505, +6.715,+0.961
1717673640,+3.16,+27.513, +6.681,+0.962
1717673760,+3.16,+27.505, +6.676,+0.961
1717673880,+3.16,+27.505, +6.752,+0.962
1717674000,+3.16,+27.513, +6.737,+0.961
1717674120,+3.17,+27.539, +6.647,+0.961
1717674240,+3.16,+27.530, +6.631,+0.962
1717674360,+3.16,+27.530, +6.633,+0.961
1717674480,+3.17,+27.539, +6.685,+0.962
1717674600,+3.16,+27.530, +6.770,+0.962
1717674720,+3.17,+27.522, +6.696,+0.961
1717674840,+3.16,+27.539, +6.687,+0.962
1717674960,+3.16,+27.530, +6.696,+0.961
1717675080,+3.16,+27.513, +6.695,+0.962
1717675200,+3.16,+27.522, +6.781,+0.962
1717675320,+3.16,+27.496, +6.685,+0.961
1717675440,+3.16,+27.513, +6.646,+0.962
1717675560,+3.17,+27.539, +6.642,+0.962
1717675680,+3.16,+27.547, +6.609,+0.961
1717675800,+3.16,+27.530, +6.648,+0.961
1717675920,+3.16,+27.522, +6.678,+0.962
1717676040,+3.16,+27.513, +6.758,+0.963
1717676160,+3.16,+27.513, +6.705,+0.961
1717676280,+3.16,+27.496, +6.780,+0.962
1717676400,+3.16,+27.505, +6.690,+0.962
1717676520,+3.16,+27.513, +6.712,+0.963
1717676640,+3.16,+27.530, +6.716,+0.962
1717676760,+3.16,+27.530, +6.763,+0.962
1717676880,+3.16,+27.513, +6.786,+0.962
1717677000,+3.16,+27.479, +6.827,+0.963
1717677120,+3.16,+27.522, +6.697,+0.962
1717677240,+3.16,+27.505, +6.784,+0.962
1717677360,+3.16,+27.505, +6.764,+0.961
1717677480,+3.16,+27.488, +6.722,+0.962
1717677600,+3.16,+27.488, +6.736,+0.962
1717677720,+3.16,+27.513, +6.662,+0.962
1717677840,+3.16,+27.488, +6.705,+0.962
1717677960,+3.16,+27.496, +6.745,+0.962
1717678080,+3.16,+27.479, +6.705,+0.962
1717678200,+3.16,+27.488, +6.744,+0.963
1717678320,+3.16,+27.505, +6.634,+0.963
1717678440,+3.16,+27.496, +6.699,+0.962
1717678560,+3.16,+27.479, +6.636,+0.961
1717678680,+3.16,+27.505, +6.648,+0.962
1717678800,+3.16,+27.496, +6.611,+0.962
1717678920,+3.16,+27.505, +6.620,+0.962
1717679040,+3.16,+27.488, +6.730,+0.962
1717679160,+3.16,+27.505, +6.651,+0.962
1717679280,+3.16,+27.496, +6.663,+0.961
1717679400,+3.16,+27.505, +6.665,+0.962
1717679520,+3.16,+27.488, +6.644,+0.961
1717679640,+3.16,+27.488, +6.665,+0.962
1717679760,+3.16,+27.479, +6.670,+0.962
1717679880,+3.16,+27.488, +6.611,+0.962
1717680000,+3.16,+27.496, +6.663,+0.962
1717680120,+3.16,+27.488, +6.606,+0.962
1717680240,+3.16,+27.522, +6.574,+0.962
1717680360,+3.16,+27.496, +6.664,+0.962
1717680480,+3.16,+27.496, +6.605,+0.962
1717680600,+3.16,+27.488, +6.613,+0.961
1717680720,+3.16,+27.471, +6.644,+0.962
1717680840,+3.16,+27.454, +6.644,+0.962
1717680960,+3.16,+27.471, +6.659,+0.962
1717681080,+3.16,+27.471, +6.679,+0.962
1717681200,+3.16,+27.454, +6.743,+0.962
1717681320,+3.16,+27.462, +6.641,+0.962
1717681440,+3.16,+27.462, +6.662,+0.962
1717681560,+3.16,+27.471, +6.635,+0.962
1717681680,+3.16,+27.471, +6.625,+0.962
1717681800,+3.16,+27.445, +6.702,+0.961
1717681920,+3.16,+27.454, +6.644,+0.962
1717682040,+3.16,+27.462, +6.605,+0.962
1717682160,+3.16,+27.462, +6.589,+0.962
1717682280,+3.16,+27.462, +6.689,+0.962
1717682400,+3.16,+27.445, +6.667,+0.962
1717682520,+3.16,+27.437, +6.616,+0.962
1717682640,+3.16,+27.445, +6.633,+0.961
1717682760,+3.16,+27.454, +6.619,+0.962
1717682880,+3.16,+27.428, +6.601,+0.962
1717683000,+3.16,+27.445, +6.595,+0.962
1717683120,+3.16,+27.420, +6.626,+0.961
1717683240,+3.16,+27.420, +6.586,+0.962
1717683360,+3.16,+27.428, +6.573,+0.961
1717683480,+3.16,+27.437, +6.645,+0.961
1717683600,+3.16,+27.437, +6.560,+0.961
1717683720,+3.16,+27.428, +6.593,+0.962
1717683840,+3.16,+27.420, +6.567,+0.961
1717683960,+3.16,+27.420, +6.551,+0.962
1717684080,+3.16,+27.428, +6.558,+0.962
1717684200,+3.16,+27.437, +6.555,+0.961
1717684320,+3.16,+27.420, +6.594,+0.962
1717684440,+3.16,+27.428, +6.574,+0.962
1717684560,+3.16,+27.428, +6.635,+0.961
1717684680,+3.16,+27.411, +6.543,+0.961
1717684800,+3.16,+27.428, +6.561,+0.962
1717684920,+3.16,+27.394, +6.618,+0.961
1717685040,+3.16,+27.411, +6.604,+0.962
1717685160,+3.16,+27.403, +6.643,+0.961
1717685280,+3.16,+27.403, +6.528,+0.961
1717685400,+3.16,+27.394, +6.624,+0.962
1717685520,+3.16,+27.403, +6.545,+0.962
1717685640,+3.16,+27.420, +6.561,+0.962
1717685760,+3.16,+27.428, +6.615,+0.961
1717685880,+3.16,+27.403, +6.556,+0.962
1717686000,+3.16,+27.428, +6.578,+0.961
1717686120,+3.16,+27.420, +6.572,+0.962
1717686240,+3.16,+27.420, +6.588,+0.961
1717686360,+3.16,+27.411, +6.590,+0.961
1717686480,+3.16,+27.411, +6.570,+0.962
1717686600,+3.16,+27.411, +6.592,+0.961
1717686720,+3.16,+27.411, +6.596,+0.961
1717686840,+3.16,+27.403, +6.570,+0.961
1717686960,+3.16,+27.437, +6.541,+0.963
1717687080,+3.16,+27.437, +6.556,+0.962
1717687200,+3.16,+27.420, +6.548,+0.961
1717687320,+3.16,+27.420, +6.545,+0.961
1717687440,+3.16,+27.411, +6.635,+0.961
1717687560,+3.16,+27.403, +6.675,+0.963
1717687680,+3.16,+27.394, +6.549,+0.961
1717687800,+3.16,+27.411, +6.569,+0.961
1717687920,+3.16,+27.403, +6.573,+0.962
1717688040,+3.16,+27.420, +6.588,+0.962
1717688160,+3.16,+27.420, +6.596,+0.962
1717688280,+3.16,+27.403, +6.597,+0.961
1717688400,+3.16,+27.428, +6.592,+0.961
1717688520,+3.16,+27.411, +6.580,+0.961
1717688640,+3.16,+27.445, +6.530,+0.962
1717688760,+3.16,+27.437, +6.553,+0.962
1717688880,+3.16,+27.420, +6.563,+0.961
1717689000,+3.16,+27.437, +6.536,+0.961
1717689120,+3.16,+27.437, +6.596,+0.962
1717689240,+3.16,+27.420, +6.581,+0.961
1717689360,+3.16,+27.428, +6.530,+0.962
1717689480,+3.16,+27.428, +6.498,+0.961
1717689600,+3.16,+27.420, +6.559,+0.961
1717689720,+3.16,+27.437, +6.648,+0.961
1717689840,+3.16,+27.420, +6.624,+0.961
1717689960,+3.16,+27.437, +6.595,+0.962
1717690080,+3.16,+27.445, +6.574,+0.961
1717690200,+3.16,+27.445, +6.520,+0.962
1717690320,+3.16,+27.445, +6.579,+0.962
1717690440,+3.16,+27.445, +6.600,+0.962
1717690560,+3.16,+27.445, +6.568,+0.961
1717690680,+3.16,+27.428, +6.635,+0.962
1717690800,+3.16,+27.428, +6.567,+0.962
1717690920,+3.16,+27.454, +6.517,+0.962
1717691040,+3.16,+27.437, +6.610,+0.961
1717691160,+3.16,+27.454, +6.554,+0.961
1717691280,+3.16,+27.471, +6.604,+0.962
1717691400,+3.16,+27.445, +6.569,+0.961
1717691520,+3.16,+27.462, +6.550,+0.962
1717691640,+3.16,+27.471, +6.573,+0.962
1717691760,+3.16,+27.471, +6.605,+0.962
1717691880,+3.16,+27.462, +6.584,+0.961
1717692000,+3.16,+27.471, +6.662,+0.962
1717692120,+3.16,+27.462, +6.550,+0.961
1717692240,+3.16,+27.479, +6.552,+0.961
1717692360,+3.16,+27.454, +6.598,+0.962
1717692480,+3.16,+27.479, +6.560,+0.962
1717692600,+3.16,+27.445, +6.619,+0.962
1717692720,+3.16,+27.479, +6.602,+0.962
1717692840,+3.16,+27.471, +6.555,+0.962
1717692960,+3.16,+27.496, +6.563,+0.962
1717693080,+3.16,+27.471, +6.622,+0.961
1717693200,+3.16,+27.496, +6.576,+0.962
1717693320,+3.16,+27.496, +6.585,+0.961
1717693440,+3.16,+27.488, +6.707,+0.962
1717693560,+3.16,+27.505, +6.645,+0.962
1717693680,+3.16,+27.513, +6.636,+0.961
1717693800,+3.16,+27.513, +6.686,+0.962
1717693920,+3.16,+27.505, +6.716,+0.962
1717694040,+3.16,+27.522, +6.673,+0.961
1717694160,+3.16,+27.522, +6.714,+0.962
1717694280,+3.16,+27.530, +6.654,+0.961
1717694400,+3.16,+27.547, +6.710,+0.962
1717694520,+3.16,+27.522, +6.731,+0.961
1717694640,+3.16,+27.556, +6.629,+0.962
1717694760,+3.16,+27.573, +6.671,+0.961
1717694880,+3.16,+27.573, +6.689,+0.961
1717695000,+3.16,+27.564, +6.686,+0.962
1717695120,+3.16,+27.573, +6.684,+0.961
1717695240,+3.17,+27.590, +6.739,+0.962
1717695360,+3.16,+27.573, +6.708,+0.962
1717695480,+3.17,+27.590, +6.710,+0.961
1717695600,+3.17,+27.598, +6.763,+0.961
1717695720,+3.17,+27.598, +6.747,+0.962
1717695840,+3.17,+27.615, +6.758,+0.961
1717695960,+3.17,+27.615, +6.803,+0.962
1717696080,+3.17,+27.624, +6.802,+0.962
1717696200,+3.17,+27.632, +6.797,+0.962
1717696320,+3.17,+27.641, +6.776,+0.962
1717696440,+3.17,+27.632, +6.866,+0.962
