7450-646496
OS REV: 1.05 Sensor Cal: 1573749572
Time (sec),  BV (Volts),  T (deg C),  DO (mg/l),  Q ()
1718405460,+3.16,+27.428, +8.555,+0.971
1718405580,+3.16,+27.437, +8.519,+0.972
1718405700,+3.16,+27.445, +8.305,+0.971
1718405820,+3.16,+27.496, +8.794,+0.972
1718405940,+3.16,+27.505, +8.707,+0.971
1718406060,+3.16,+27.513, +8.736,+0.972
1718406180,+3.16,+27.539, +8.903,+0.973
1718406300,+3.16,+27.547, +8.881,+0.971
1718406420,+3.16,+27.530, +8.721,+0.972
1718406540,+3.16,+27.556, +8.897,+0.971
1718406660,+3.16,+27.547, +8.728,+0.972
1718406780,+3.16,+27.522, +8.535,+0.972
1718406900,+3.16,+27.547, +8.897,+0.972
1718407020,+3.16,+27.564, +9.036,+0.972
1718407140,+3.16,+27.581, +9.006,+0.972
1718407260,+3.16,+27.581, +8.847,+0.972
1718407380,+3.16,+27.590, +8.964,+0.972
1718407500,+3.16,+27.590, +8.891,+0.972
1718407620,+3.16,+27.598, +8.798,+0.972
1718407740,+3.16,+27.607, +8.928,+0.971
1718407860,+3.16,+27.581, +8.852,+0.971
1718407980,+3.16,+27.564, +8.892,+0.972
1718408100,+3.16,+27.581, +8.912,+0.972
1718408220,+3.16,+27.598, +8.941,+0.972
1718408340,+3.16,+27.590, +9.005,+0.972
1718408460,+3.16,+27.581, +8.899,+0.972
1718408580,+3.16,+27.573, +8.631,+0.972
1718408700,+3.16,+27.547, +8.806,+0.972
1718408820,+3.16,+27.564, +8.801,+0.973
1718408940,+3.16,+27.581, +8.992,+0.973
1718409060,+3.16,+27.598, +8.929,+0.972
1718409180,+3.16,+27.598, +9.039,+0.972
1718409300,+3.16,+27.624, +8.995,+0.973
1718409420,+3.16,+27.615, +8.848,+0.971
1718409540,+3.16,+27.581, +8.911,+0.971
1718409660,+3.16,+27.556, +8.793,+0.972
1718409780,+3.16,+27.564, +8.867,+0.971
1718409900,+3.16,+27.556, +8.786,+0.972
1718410020,+3.16,+27.598, +8.923,+0.972
1718410140,+3.16,+27.174, -1.733,+0.000
1718410260,+3.16,+26.606, +7.556,+0.970
1718410380,+3.16,+25.753, +7.696,+0.970
1718410500,+3.16,+24.886, +7.855,+0.970
1718410620,+3.17,+24.390, +7.920,+0.970
1718410740,+3.16,+24.038, +7.974,+0.969
1718410860,+3.16,+23.770, +8.035,+0.970
1718410980,+3.17,+23.502, +8.062,+0.969
1718411100,+3.17,+23.293, +8.101,+0.969
1718411220,+3.16,+23.058, +8.134,+0.968
1718411340,+3.16,+22.849, +8.172,+0.968
1718411460,+3.16,+22.674, +8.193,+0.968
1718411580,+3.17,+22.490, +8.221,+0.968
1718411700,+3.17,+22.331, +8.198,+0.968
1718411820,+3.17,+22.289, +8.223,+0.969
1718411940,+3.17,+22.281, +8.212,+0.968
1718412060,+3.17,+22.314, +8.223,+0.968
1718412180,+3.17,+22.498, +8.248,+0.970
1718412300,+3.16,+23.602, +8.811,+0.969
1718412420,+3.16,+25.744, +8.469,+0.969
1718412540,+3.16,+26.733, +8.319,+0.969
1718412660,+3.16,+27.292, +8.251,+0.970
1718412780,+3.16,+27.632, +8.208,+0.969
1718412900,+3.16,+27.837, +8.186,+0.969
1718413020,+3.16,+27.990, +8.173,+0.969
1718413140,+3.16,+28.101, +8.151,+0.969
1718413260,+3.16,+28.169, +8.128,+0.969
1718413380,+3.16,+28.254, +8.133,+0.969
1718413500,+3.16,+28.297, +8.134,+0.969
1718413620,+3.16,+28.348, +8.134,+0.969
1718413740,+3.16,+28.374, +8.114,+0.969
1718413860,+3.16,+28.391, +8.115,+0.970
1718413980,+3.16,+28.417, +8.104,+0.970
1718414100,+3.16,+28.442, +8.076,+0.969
1718414220,+3.16,+28.459, +8.059,+0.969
1718414340,+3.15,+28.468, +8.099,+0.970
1718414460,+3.16,+28.485, +8.096,+0.970
1718414580,+3.16,+28.502, +8.088,+0.970
1718414700,+3.16,+28.494, +8.063,+0.969
1718414820,+3.16,+28.494, +8.065,+0.969
1718414940,+3.16,+28.502, +8.081,+0.970
1718415060,+3.16,+28.468, +8.083,+0.970
1718415180,+3.16,+28.468, +8.091,+0.970
1718415300,+3.16,+28.476, +8.109,+0.970
1718415420,+3.16,+28.459, +8.082,+0.969
1718415540,+3.15,+28.494, +8.055,+0.970
1718415660,+3.16,+28.494, +8.031,+0.970
1718415780,+3.16,+28.494, +8.013,+0.970
1718415900,+3.16,+28.494, +7.991,+0.970
1718416020,+3.15,+28.485, +7.980,+0.970
1718416140,+3.15,+28.494, +7.964,+0.970
1718416260,+3.15,+28.502, +7.954,+0.971
1718416380,+3.15,+28.494, +7.925,+0.969
1718416500,+3.15,+28.511, +7.912,+0.970
1718416620,+3.15,+28.519, +7.893,+0.969
1718416740,+3.15,+28.502, +7.892,+0.970
1718416860,+3.15,+28.519, +7.879,+0.970
1718416980,+3.15,+28.536, +7.867,+0.970
1718417100,+3.15,+28.545, +7.852,+0.970
1718417220,+3.15,+28.562, +7.850,+0.970
1718417340,+3.15,+28.562, +7.831,+0.970
1718417460,+3.15,+28.570, +7.818,+0.970
1718417580,+3.16,+28.579, +7.803,+0.969
1718417700,+3.15,+28.579, +7.816,+0.971
1718417820,+3.15,+28.570, +7.803,+0.970
1718417940,+3.15,+28.570, +7.803,+0.970
1718418060,+3.15,+28.562, +7.801,+0.970
1718418180,+3.15,+28.545, +7.819,+0.971
1718418300,+3.15,+28.536, +7.808,+0.970
1718418420,+3.15,+28.494, +7.791,+0.970
1718418540,+3.15,+28.494, +7.784,+0.970
1718418660,+3.15,+28.476, +7.774,+0.970
1718418780,+3.15,+28.451, +7.777,+0.970
1718418900,+3.15,+28.417, +7.776,+0.970
1718419020,+3.16,+28.417, +7.763,+0.970
1718419140,+3.15,+28.400, +7.763,+0.970
1718419260,+3.15,+28.374, +7.759,+0.970
1718419380,+3.16,+28.357, +7.742,+0.969
1718419500,+3.16,+28.331, +7.747,+0.970
1718419620,+3.16,+28.331, +7.709,+0.969
1718419740,+3.16,+28.306, +7.714,+0.971
1718419860,+3.16,+28.297, +7.682,+0.970
1718419980,+3.16,+28.297, +7.661,+0.969
1718420100,+3.16,+28.280, +7.656,+0.971
1718420220,+3.16,+28.246, +7.629,+0.970
1718420340,+3.16,+28.237, +7.614,+0.969
1718420460,+3.16,+28.212, +7.613,+0.970
1718420580,+3.16,+28.195, +7.597,+0.970
1718420700,+3.16,+28.203, +7.586,+0.971
1718420820,+3.16,+28.203, +7.559,+0.970
1718420940,+3.16,+28.186, +7.556,+0.970
1718421060,+3.16,+28.186, +7.541,+0.970
1718421180,+3.16,+28.169, +7.533,+0.970
1718421300,+3.16,+28.152, +7.510,+0.969
1718421420,+3.16,+28.126, +7.506,+0.970
1718421540,+3.16,+28.118, +7.483,+0.970
1718421660,+3.16,+28.118, +7.455,+0.969
1718421780,+3.16,+28.109, +7.441,+0.970
1718421900,+3.16,+28.092, +7.416,+0.970
1718422020,+3.16,+28.084, +7.399,+0.970
1718422140,+3.16,+28.067, +7.380,+0.970
1718422260,+3.16,+28.058, +7.368,+0.969
1718422380,+3.16,+28.058, +7.345,+0.969
1718422500,+3.16,+28.041, +7.334,+0.969
1718422620,+3.16,+28.033, +7.321,+0.970
1718422740,+3.16,+28.024, +7.285,+0.968
1718422860,+3.16,+28.024, +7.288,+0.969
1718422980,+3.16,+27.999, +7.296,+0.970
1718423100,+3.16,+28.016, +7.255,+0.969
1718423220,+3.16,+27.990, +7.241,+0.969
1718423340,+3.16,+27.999, +7.230,+0.970
1718423460,+3.16,+27.964, +7.226,+0.970
1718423580,+3.16,+27.964, +7.204,+0.969
1718423700,+3.16,+27.964, +7.177,+0.969
1718423820,+3.16,+27.947, +7.178,+0.970
1718423940,+3.16,+27.930, +7.150,+0.968
1718424060,+3.16,+27.939, +7.134,+0.969
1718424180,+3.16,+27.896, +7.117,+0.969
1718424300,+3.16,+27.913, +7.111,+0.969
1718424420,+3.16,+27.913, +7.088,+0.969
1718424540,+3.16,+27.879, +7.091,+0.969
1718424660,+3.16,+27.871, +7.095,+0.970
1718424780,+3.16,+27.879, +7.074,+0.969
1718424900,+3.16,+27.854, +7.073,+0.969
1718425020,+3.16,+27.845, +7.062,+0.969
1718425140,+3.16,+27.862, +7.057,+0.969
1718425260,+3.16,+27.837, +7.051,+0.969
1718425380,+3.16,+27.828, +7.058,+0.970
1718425500,+3.16,+27.828, +7.032,+0.969
1718425620,+3.16,+27.828, +7.025,+0.969
1718425740,+3.16,+27.811, +6.998,+0.969
1718425860,+3.16,+27.803, +6.990,+0.968
1718425980,+3.16,+27.794, +6.990,+0.969
1718426100,+3.16,+27.786, +6.983,+0.969
1718426220,+3.16,+27.769, +6.976,+0.969
1718426340,+3.16,+27.777, +6.978,+0.970
1718426460,+3.16,+27.743, +6.982,+0.969
1718426580,+3.16,+27.735, +6.967,+0.969
1718426700,+3.16,+27.752, +6.958,+0.969
1718426820,+3.16,+27.743, +6.953,+0.969
1718426940,+3.16,+27.735, +6.947,+0.968
1718427060,+3.16,+27.726, +6.945,+0.968
1718427180,+3.16,+27.709, +6.950,+0.969
1718427300,+3.16,+27.692, +6.954,+0.969
1718427420,+3.16,+27.683, +6.939,+0.968
1718427540,+3.16,+27.666, +6.949,+0.969
1718427660,+3.16,+27.675, +6.935,+0.969
1718427780,+3.16,+27.649, +6.933,+0.968
1718427900,+3.16,+27.649, +6.938,+0.969
1718428020,+3.16,+27.649, +6.921,+0.968
1718428140,+3.16,+27.658, +6.934,+0.969
1718428260,+3.16,+27.624, +6.935,+0.968
1718428380,+3.16,+27.624, +6.950,+0.969
1718428500,+3.16,+27.632, +6.947,+0.969
1718428620,+3.16,+27.615, +6.955,+0.969
1718428740,+3.16,+27.590, +6.946,+0.969
1718428860,+3.16,+27.590, +6.918,+0.968
1718428980,+3.16,+27.573, +6.905,+0.969
1718429100,+3.16,+27.564, +6.923,+0.969
1718429220,+3.16,+27.590, +6.909,+0.968
1718429340,+3.16,+27.564, +6.905,+0.968
1718429460,+3.16,+27.564, +6.894,+0.969
1718429580,+3.16,+27.564, +6.883,+0.968
1718429700,+3.16,+27.581, +6.869,+0.968
1718429820,+3.16,+27.547, +6.855,+0.968
1718429940,+3.16,+27.547, +6.852,+0.968
1718430060,+3.16,+27.556, +6.844,+0.968
1718430180,+3.16,+27.547, +6.859,+0.968
1718430300,+3.16,+27.530, +6.876,+0.969
1718430420,+3.16,+27.530, +6.879,+0.968
1718430540,+3.16,+27.513, +6.874,+0.968
1718430660,+3.16,+27.522, +6.873,+0.969
1718430780,+3.15,+27.505, +6.862,+0.969
1718430900,+3.15,+27.496, +6.864,+0.968
1718431020,+3.15,+27.496, +6.877,+0.969
1718431140,+3.15,+27.496, +6.861,+0.969
1718431260,+3.15,+27.488, +6.847,+0.968
1718431380,+3.15,+27.488, +6.848,+0.969
1718431500,+3.15,+27.488, +6.839,+0.968
1718431620,+3.15,+27.471, +6.847,+0.969
1718431740,+3.15,+27.454, +6.824,+0.968
1718431860,+3.15,+27.454, +6.828,+0.968
1718431980,+3.15,+27.454, +6.835,+0.969
1718432100,+3.15,+27.445, +6.825,+0.968
1718432220,+3.15,+27.437, +6.829,+0.968
1718432340,+3.15,+27.420, +6.820,+0.968
1718432460,+3.15,+27.437, +6.840,+0.968
1718432580,+3.15,+27.411, +6.842,+0.969
1718432700,+3.15,+27.411, +6.818,+0.968
1718432820,+3.15,+27.411, +6.823,+0.968
1718432940,+3.15,+27.403, +6.849,+0.968
1718433060,+3.15,+27.403, +6.845,+0.968
1718433180,+3.15,+27.394, +6.860,+0.968
1718433300,+3.15,+27.394, +6.867,+0.968
1718433420,+3.15,+27.386, +6.874,+0.968
1718433540,+3.15,+27.394, +6.861,+0.968
1718433660,+3.15,+27.403, +6.866,+0.969
1718433780,+3.15,+27.394, +6.866,+0.969
1718433900,+3.15,+27.377, +6.850,+0.968
1718434020,+3.15,+27.369, +6.854,+0.968
1718434140,+3.15,+27.369, +6.862,+0.969
1718434260,+3.15,+27.360, +6.858,+0.968
1718434380,+3.15,+27.369, +6.850,+0.968
1718434500,+3.15,+27.369, +6.840,+0.968
1718434620,+3.15,+27.360, +6.842,+0.969
1718434740,+3.15,+27.352, +6.849,+0.969
1718434860,+3.15,+27.369, +6.828,+0.968
1718434980,+3.15,+27.352, +6.815,+0.968
1718435100,+3.15,+27.335, +6.874,+0.968
1718435220,+3.15,+27.326, +6.882,+0.968
1718435340,+3.15,+27.335, +6.865,+0.968
1718435460,+3.15,+27.335, +6.861,+0.968
1718435580,+3.15,+27.318, +6.862,+0.968
1718435700,+3.15,+27.335, +6.858,+0.968
1718435820,+3.15,+27.318, +6.874,+0.968
1718435940,+3.15,+27.326, +6.878,+0.968
1718436060,+3.15,+27.309, +6.877,+0.968
1718436180,+3.15,+27.301, +6.870,+0.968
1718436300,+3.15,+27.301, +6.865,+0.968
1718436420,+3.15,+27.292, +6.860,+0.968
1718436540,+3.15,+27.301, +6.837,+0.968
1718436660,+3.15,+27.284, +6.832,+0.968
1718436780,+3.15,+27.267, +6.839,+0.969
1718436900,+3.15,+27.267, +6.840,+0.969
1718437020,+3.15,+27.259, +6.853,+0.967
1718437140,+3.15,+27.267, +6.870,+0.968
1718437260,+3.15,+27.250, +6.856,+0.967
1718437380,+3.15,+27.242, +6.872,+0.969
1718437500,+3.15,+27.233, +6.858,+0.968
1718437620,+3.15,+27.216, +6.869,+0.969
1718437740,+3.15,+27.216, +6.861,+0.968
1718437860,+3.15,+27.233, +6.867,+0.968
1718437980,+3.15,+27.225, +6.881,+0.968
1718438100,+3.15,+27.208, +6.888,+0.968
1718438220,+3.15,+27.191, +6.884,+0.968
1718438340,+3.15,+27.199, +6.892,+0.968
1718438460,+3.15,+27.208, +6.890,+0.968
1718438580,+3.15,+27.191, +6.891,+0.968
1718438700,+3.15,+27.208, +6.892,+0.968
1718438820,+3.15,+27.191, +6.897,+0.968
1718438940,+3.15,+27.191, +6.917,+0.969
1718439060,+3.15,+27.191, +6.900,+0.969
1718439180,+3.15,+27.174, +6.906,+0.969
1718439300,+3.15,+27.174, +6.917,+0.968
1718439420,+3.15,+27.165, +6.907,+0.968
1718439540,+3.15,+27.148, +6.917,+0.968
1718439660,+3.15,+27.165, +6.908,+0.968
1718439780,+3.15,+27.157, +6.917,+0.968
1718439900,+3.16,+27.140, +6.904,+0.968
1718440020,+3.16,+27.114, +6.897,+0.969
1718440140,+3.16,+27.114, +6.893,+0.968
1718440260,+3.16,+27.131, +6.897,+0.968
1718440380,+3.15,+27.131, +6.896,+0.968
1718440500,+3.16,+27.114, +6.904,+0.968
1718440620,+3.16,+27.123, +6.903,+0.967
1718440740,+3.16,+27.123, +6.907,+0.968
1718440860,+3.16,+27.131, +6.916,+0.969
1718440980,+3.16,+27.123, +6.894,+0.968
1718441100,+3.16,+27.123, +6.906,+0.968
1718441220,+3.16,+27.114, +6.905,+0.968
1718441340,+3.16,+27.114, +6.915,+0.968
1718441460,+3.15,+27.114, +6.920,+0.968
1718441580,+3.16,+27.089, +6.938,+0.968
1718441700,+3.16,+27.097, +6.931,+0.968
1718441820,+3.16,+27.097, +6.937,+0.968
1718441940,+3.16,+27.080, +6.927,+0.968
1718442060,+3.16,+27.072, +6.918,+0.968
1718442180,+3.16,+27.089, +6.931,+0.969
1718442300,+3.16,+27.089, +6.943,+0.968
1718442420,+3.16,+27.089, +6.935,+0.968
1718442540,+3.16,+27.089, +6.932,+0.968
1718442660,+3.16,+27.080, +6.934,+0.967
1718442780,+3.16,+27.055, +6.936,+0.968
1718442900,+3.16,+27.063, +6.911,+0.968
1718443020,+3.16,+27.046, +6.916,+0.968
1718443140,+3.16,+27.038, +6.908,+0.968
1718443260,+3.16,+27.029, +6.917,+0.968
1718443380,+3.16,+27.029, +6.911,+0.968
1718443500,+3.16,+27.004, +6.910,+0.968
1718443620,+3.16,+26.996, +6.912,+0.967
1718443740,+3.16,+27.004, +6.920,+0.968
1718443860,+3.16,+26.996, +6.929,+0.968
1718443980,+3.16,+27.004, +6.940,+0.968
1718444100,+3.16,+26.970, +6.934,+0.968
1718444220,+3.16,+26.970, +6.933,+0.968
1718444340,+3.16,+26.953, +6.928,+0.968
1718444460,+3.16,+26.962, +6.937,+0.968
1718444580,+3.16,+26.970, +6.939,+0.968
1718444700,+3.16,+26.953, +6.960,+0.968
1718444820,+3.16,+26.945, +6.947,+0.968
1718444940,+3.16,+26.936, +6.952,+0.968
1718445060,+3.16,+26.928, +6.950,+0.968
1718445180,+3.16,+26.928, +6.962,+0.968
1718445300,+3.16,+26.919, +6.961,+0.968
1718445420,+3.16,+26.911, +6.961,+0.967
1718445540,+3.16,+26.902, +6.968,+0.968
1718445660,+3.16,+26.919, +6.973,+0.968
1718445780,+3.16,+26.928, +6.961,+0.967
1718445900,+3.16,+26.911, +6.960,+0.968
1718446020,+3.16,+26.902, +6.964,+0.969
1718446140,+3.16,+26.902, +6.966,+0.968
1718446260,+3.16,+26.902, +6.962,+0.968
1718446380,+3.16,+26.902, +6.950,+0.968
1718446500,+3.16,+26.885, +6.946,+0.968
1718446620,+3.16,+26.894, +6.936,+0.967
1718446740,+3.16,+26.902, +6.936,+0.968
1718446860,+3.16,+26.902, +6.939,+0.967
1718446980,+3.16,+26.877, +6.938,+0.967
1718447100,+3.16,+26.902, +6.951,+0.968
1718447220,+3.16,+26.885, +6.940,+0.968
1718447340,+3.16,+26.894, +6.926,+0.968
1718447460,+3.16,+26.885, +6.926,+0.968
1718447580,+3.16,+26.860, +6.940,+0.968
1718447700,+3.16,+26.860, +6.936,+0.968
1718447820,+3.16,+26.851, +6.932,+0.967
1718447940,+3.16,+26.843, +6.939,+0.968
1718448060,+3.16,+26.851, +6.936,+0.968
1718448180,+3.16,+26.860, +6.925,+0.968
1718448300,+3.16,+26.843, +6.923,+0.968
1718448420,+3.16,+26.851, +6.927,+0.968
1718448540,+3.16,+26.843, +6.918,+0.967
1718448660,+3.16,+26.818, +6.928,+0.968
1718448780,+3.16,+26.835, +6.930,+0.968
1718448900,+3.16,+26.826, +6.929,+0.968
1718449020,+3.16,+26.835, +6.932,+0.968
1718449140,+3.16,+26.826, +6.925,+0.967
1718449260,+3.16,+26.801, +6.938,+0.969
1718449380,+3.16,+26.818, +6.908,+0.967
1718449500,+3.16,+26.809, +6.918,+0.968
1718449620,+3.16,+26.809, +6.916,+0.969
1718449740,+3.16,+26.809, +6.892,+0.968
1718449860,+3.16,+26.809, +6.887,+0.967
1718449980,+3.16,+26.801, +6.920,+0.968
1718450100,+3.16,+26.784, +6.943,+0.969
1718450220,+3.16,+26.767, +6.909,+0.967
1718450340,+3.16,+26.767, +6.899,+0.967
1718450460,+3.16,+26.784, +6.921,+0.968
1718450580,+3.16,+26.775, +6.908,+0.968
1718450700,+3.16,+26.792, +6.910,+0.968
1718450820,+3.16,+26.767, +6.922,+0.967
1718450940,+3.16,+26.775, +6.923,+0.968
1718451060,+3.16,+26.758, +6.923,+0.968
1718451180,+3.16,+26.775, +6.909,+0.967
1718451300,+3.16,+26.750, +6.926,+0.968
1718451420,+3.16,+26.750, +6.911,+0.968
1718451540,+3.16,+26.733, +6.930,+0.968
1718451660,+3.16,+26.733, +6.913,+0.967
1718451780,+3.16,+26.741, +6.924,+0.968
1718451900,+3.16,+26.741, +6.926,+0.967
1718452020,+3.16,+26.741, +6.924,+0.968
1718452140,+3.16,+26.758, +6.924,+0.967
1718452260,+3.16,+26.750, +6.930,+0.968
1718452380,+3.16,+26.741, +6.915,+0.967
1718452500,+3.16,+26.758, +6.932,+0.968
1718452620,+3.16,+26.750, +6.923,+0.967
1718452740,+3.16,+26.741, +6.901,+0.967
1718452860,+3.16,+26.750, +6.908,+0.968
1718452980,+3.16,+26.750, +6.890,+0.967
1718453100,+3.16,+26.733, +6.906,+0.967
1718453220,+3.16,+26.724, +6.931,+0.968
1718453340,+3.16,+26.733, +6.916,+0.967
1718453460,+3.16,+26.707, +6.909,+0.967
1718453580,+3.16,+26.716, +6.899,+0.967
1718453700,+3.16,+26.707, +6.898,+0.967
1718453820,+3.16,+26.699, +6.899,+0.967
1718453940,+3.16,+26.707, +6.902,+0.968
1718454060,+3.16,+26.716, +6.880,+0.967
1718454180,+3.16,+26.724, +6.870,+0.967
1718454300,+3.16,+26.716, +6.854,+0.967
1718454420,+3.16,+26.699, +6.859,+0.967
1718454540,+3.16,+26.699, +6.861,+0.968
1718454660,+3.16,+26.716, +6.865,+0.968
1718454780,+3.16,+26.707, +6.871,+0.968
1718454900,+3.16,+26.699, +6.868,+0.968
1718455020,+3.16,+26.716, +6.877,+0.968
1718455140,+3.16,+26.707, +6.877,+0.968
1718455260,+3.16,+26.691, +6.866,+0.968
1718455380,+3.16,+26.707, +6.867,+0.967
1718455500,+3.16,+26.699, +6.874,+0.968
1718455620,+3.16,+26.699, +6.870,+0.967
1718455740,+3.16,+26.691, +6.867,+0.967
1718455860,+3.16,+26.691, +6.867,+0.967
1718455980,+3.16,+26.724, +6.885,+0.968
1718456100,+3.16,+26.699, +6.886,+0.968
1718456220,+3.16,+26.707, +6.878,+0.968
1718456340,+3.16,+26.733, +6.873,+0.967
1718456460,+3.16,+26.707, +6.871,+0.967
1718456580,+3.16,+26.724, +6.875,+0.968
1718456700,+3.16,+26.716, +6.874,+0.967
1718456820,+3.16,+26.691, +6.870,+0.968
1718456940,+3.16,+26.707, +6.857,+0.967
1718457060,+3.16,+26.699, +6.871,+0.968
1718457180,+3.16,+26.716, +6.871,+0.968
1718457300,+3.16,+26.691, +6.849,+0.967
1718457420,+3.16,+26.691, +6.853,+0.967
1718457540,+3.16,+26.682, +6.867,+0.967
1718457660,+3.16,+26.691, +6.868,+0.967
1718457780,+3.16,+26.682, +6.870,+0.967
1718457900,+3.16,+26.674, +6.884,+0.968
1718458020,+3.16,+26.674, +6.876,+0.967
1718458140,+3.16,+26.674, +6.885,+0.968
1718458260,+3.16,+26.674, +6.876,+0.967
1718458380,+3.16,+26.674, +6.879,+0.967
1718458500,+3.16,+26.665, +6.889,+0.968
1718458620,+3.16,+26.665, +6.894,+0.969
1718458740,+3.16,+26.648, +6.880,+0.967
1718458860,+3.16,+26.665, +6.880,+0.967
1718458980,+3.16,+26.665, +6.885,+0.968
1718459100,+3.16,+26.657, +6.883,+0.968
1718459220,+3.16,+26.648, +6.892,+0.968
1718459340,+3.16,+26.657, +6.876,+0.967
1718459460,+3.16,+26.657, +6.878,+0.968
1718459580,+3.16,+26.648, +6.875,+0.968
1718459700,+3.16,+26.648, +6.864,+0.967
1718459820,+3.16,+26.648, +6.883,+0.968
1718459940,+3.16,+26.640, +6.878,+0.967
1718460060,+3.16,+26.648, +6.895,+0.968
1718460180,+3.16,+26.665, +6.887,+0.968
1718460300,+3.16,+26.657, +6.870,+0.968
1718460420,+3.16,+26.657, +6.862,+0.967
1718460540,+3.16,+26.648, +6.865,+0.967
1718460660,+3.16,+26.631, +6.875,+0.968
1718460780,+3.16,+26.623, +6.875,+0.968
1718460900,+3.16,+26.648, +6.866,+0.967
1718461020,+3.16,+26.614, +6.859,+0.967
1718461140,+3.16,+26.631, +6.859,+0.967
1718461260,+3.16,+26.631, +6.854,+0.968
1718461380,+3.16,+26.631, +6.851,+0.968
1718461500,+3.16,+26.648, +6.853,+0.968
1718461620,+3.16,+26.631, +6.868,+0.967
1718461740,+3.16,+26.597, +6.881,+0.967
1718461860,+3.16,+26.614, +6.864,+0.967
1718461980,+3.16,+26.606, +6.859,+0.967
1718462100,+3.16,+26.589, +6.856,+0.968
1718462220,+3.16,+26.606, +6.858,+0.968
1718462340,+3.16,+26.589, +6.860,+0.968
1718462460,+3.16,+26.597, +6.851,+0.968
1718462580,+3.16,+26.606, +6.841,+0.967
1718462700,+3.16,+26.614, +6.849,+0.968
1718462820,+3.16,+26.589, +6.839,+0.967
1718462940,+3.16,+26.589, +6.847,+0.967
1718463060,+3.16,+26.581, +6.848,+0.967
1718463180,+3.16,+26.581, +6.853,+0.967
1718463300,+3.16,+26.572, +6.870,+0.968
1718463420,+3.16,+26.581, +6.856,+0.967
1718463540,+3.16,+26.589, +6.842,+0.967
1718463660,+3.16,+26.581, +6.854,+0.968
1718463780,+3.16,+26.572, +6.849,+0.967
1718463900,+3.16,+26.581, +6.859,+0.967
1718464020,+3.16,+26.564, +6.861,+0.968
1718464140,+3.16,+26.564, +6.864,+0.967
1718464260,+3.16,+26.581, +6.866,+0.968
1718464380,+3.16,+26.572, +6.864,+0.967
1718464500,+3.16,+26.589, +6.851,+0.968
1718464620,+3.16,+26.581, +6.855,+0.968
1718464740,+3.16,+26.572, +6.847,+0.967
1718464860,+3.16,+26.564, +6.868,+0.968
1718464980,+3.16,+26.564, +6.858,+0.967
1718465100,+3.16,+26.564, +6.863,+0.968
1718465220,+3.16,+26.572, +6.852,+0.968
1718465340,+3.16,+26.564, +6.847,+0.967
1718465460,+3.16,+26.538, +6.853,+0.968
1718465580,+3.16,+26.530, +6.857,+0.967
1718465700,+3.16,+26.547, +6.847,+0.967
1718465820,+3.16,+26.547, +6.840,+0.967
1718465940,+3.16,+26.530, +6.850,+0.968
1718466060,+3.16,+26.538, +6.849,+0.967
1718466180,+3.16,+26.530, +6.863,+0.967
1718466300,+3.16,+26.538, +6.859,+0.968
1718466420,+3.16,+26.547, +6.816,+0.966
1718466540,+3.16,+26.521, +6.822,+0.967
1718466660,+3.16,+26.521, +6.812,+0.967
1718466780,+3.16,+26.521, +6.837,+0.969
1718466900,+3.16,+26.530, +6.827,+0.967
1718467020,+3.16,+26.547, +6.828,+0.968
1718467140,+3.16,+26.513, +6.830,+0.967
1718467260,+3.16,+26.521, +6.829,+0.967
1718467380,+3.16,+26.547, +6.834,+0.968
1718467500,+3.16,+26.547, +6.828,+0.967
1718467620,+3.16,+26.547, +6.806,+0.967
1718467740,+3.16,+26.555, +6.789,+0.967
1718467860,+3.16,+26.547, +6.810,+0.968
1718467980,+3.16,+26.547, +6.824,+0.968
1718468100,+3.16,+26.538, +6.830,+0.967
1718468220,+3.16,+26.530, +6.835,+0.967
1718468340,+3.16,+26.547, +6.829,+0.967
1718468460,+3.16,+26.530, +6.825,+0.967
1718468580,+3.16,+26.521, +6.816,+0.967
1718468700,+3.16,+26.530, +6.808,+0.968
1718468820,+3.16,+26.538, +6.808,+0.967
1718468940,+3.16,+26.530, +6.817,+0.967
1718469060,+3.16,+26.547, +6.816,+0.967
1718469180,+3.16,+26.538, +6.827,+0.967
1718469300,+3.16,+26.555, +6.823,+0.967
1718469420,+3.16,+26.564, +6.841,+0.968
1718469540,+3.16,+26.555, +6.853,+0.966
1718469660,+3.16,+26.555, +6.880,+0.967
1718469780,+3.16,+26.564, +6.883,+0.966
1718469900,+3.16,+26.564, +6.914,+0.967
1718470020,+3.16,+26.572, +6.926,+0.968
1718470140,+3.16,+26.597, +6.913,+0.967
1718470260,+3.16,+26.606, +6.920,+0.968
1718470380,+3.16,+26.597, +6.930,+0.967
1718470500,+3.16,+26.614, +6.969,+0.967
1718470620,+3.16,+26.691, +7.011,+0.968
1718470740,+3.16,+26.733, +7.019,+0.966
1718470860,+3.16,+26.792, +7.029,+0.967
1718470980,+3.15,+26.835, +7.031,+0.968
1718471100,+3.15,+26.860, +7.038,+0.966
1718471220,+3.15,+26.928, +7.027,+0.967
1718471340,+3.15,+26.902, +7.004,+0.968
1718471460,+3.15,+26.868, +7.037,+0.969
1718471580,+3.15,+26.996, +7.063,+0.969
1718471700,+3.15,+27.063, +7.082,+0.969
1718471820,+3.15,+27.131, +7.106,+0.969
1718471940,+3.15,+27.208, +7.168,+0.970
1718472060,+3.15,+27.276, +7.184,+0.967
1718472180,+3.15,+27.352, +7.242,+0.911
1718472300,+3.15,+27.403,+19.923,+0.049
1718472420,+3.15,+27.437, -1.766,+0.000
1718472540,+3.15,+27.505, -1.750,+0.000
1718472660,+3.15,+27.581, -1.713,+0.000
1718472780,+3.16,+27.641, +8.498,+0.155
1718472900,+3.16,+27.700, +7.909,+0.299
1718473020,+3.16,+27.769, +8.105,+0.231
1718473140,+3.15,+27.828, +8.268,+0.209
1718473260,+3.15,+27.888,+13.118,+0.062
1718473380,+3.15,+27.947, -1.735,+0.000
1718473500,+3.15,+28.041, -1.711,+0.000
1718473620,+3.15,+28.101, -1.695,+0.000
1718473740,+3.15,+28.169, -1.673,+0.000
1718473860,+3.15,+28.229, -1.685,+0.000
1718473980,+3.15,+28.297, -1.696,+0.000
1718474100,+3.15,+28.340, -1.696,+0.000
1718474220,+3.15,+28.417, -1.702,+0.000
1718474340,+3.15,+28.485, -1.688,+0.000
1718474460,+3.15,+28.562, -1.688,+0.000
1718474580,+3.15,+28.647, -1.678,+0.000
1718474700,+3.15,+28.707, -1.690,+0.000
1718474820,+3.15,+28.767, -1.670,+0.000
1718474940,+3.15,+28.827, -1.653,+0.000
1718475060,+3.15,+28.887, -1.663,+0.000
1718475180,+3.15,+28.930, -1.653,+0.000
1718475300,+3.15,+29.024, -1.664,+0.000
1718475420,+3.15,+29.101, -1.644,+0.000
1718475540,+3.15,+29.170, -1.644,+0.000
1718475660,+3.15,+29.239, -1.638,+0.000
1718475780,+3.15,+29.299, -1.631,+0.000
1718475900,+3.15,+29.393, -1.631,+0.000
1718476020,+3.15,+29.462, -1.630,+0.000
1718476140,+3.15,+29.531,+13.843,+0.078
1718476260,+3.15,+29.591, -1.614,+0.000
1718476380,+3.15,+29.634, +9.483,+0.198
1718476500,+3.15,+29.712,+10.460,+0.144
1718476620,+3.15,+29.737, -1.610,+0.000
1718476740,+3.15,+29.806,+12.961,+0.088
1718476860,+3.15,+29.849, -1.591,+0.000
1718476980,+3.15,+29.910,+222843.796,+0.176
1718477100,+3.15,+29.953, -1.588,+0.000
1718477220,+3.15,+30.005, -1.578,+0.000
1718477340,+3.15,+30.048, -1.571,+0.000
1718477460,+3.15,+30.091, -1.570,+0.000
1718477580,+3.15,+30.143,+10.329,+0.166
1718477700,+3.15,+30.194, -1.591,+0.000
1718477820,+3.15,+30.212, -1.562,+0.000
1718477940,+3.15,+30.186, -1.569,+0.000
1718478060,+3.15,+30.264, -1.578,+0.000
1718478180,+3.15,+30.298, -1.559,+0.000
1718478300,+3.15,+30.307, +9.027,+0.421
1718478420,+3.15,+30.091, +8.594,+0.973
1718478540,+3.15,+29.867, +8.615,+0.974
1718478660,+3.15,+29.780, +8.584,+0.972
1718478780,+3.15,+29.703, +8.584,+0.972
1718478900,+3.15,+29.651, +8.655,+0.974
1718479020,+3.15,+29.617, +8.615,+0.972
1718479140,+3.15,+29.582, +8.598,+0.973
1718479260,+3.15,+29.548, +8.556,+0.971
1718479380,+3.15,+29.496, +8.547,+0.971
1718479500,+3.15,+29.479, +8.572,+0.971
1718479620,+3.15,+29.445, +8.573,+0.970
1718479740,+3.15,+29.419, +8.578,+0.971
1718479860,+3.15,+29.402, +8.587,+0.971
1718479980,+3.15,+29.402, +8.618,+0.971
1718480100,+3.15,+29.385, +8.600,+0.972
1718480220,+3.15,+29.350, +8.565,+0.971
1718480340,+3.15,+29.307, +8.585,+0.971
1718480460,+3.15,+29.264, +8.601,+0.972
1718480580,+3.15,+29.247, +8.578,+0.972
1718480700,+3.15,+29.247, +8.559,+0.971
1718480820,+3.15,+29.222, +8.548,+0.972
1718480940,+3.15,+29.204, +8.544,+0.972
1718481060,+3.15,+29.179, +8.552,+0.971
1718481180,+3.15,+29.153, +8.563,+0.972
1718481300,+3.15,+29.170, +8.581,+0.973
1718481420,+3.15,+29.161, +8.570,+0.971
1718481540,+3.15,+29.153, +8.566,+0.971
1718481660,+3.15,+29.161, +8.593,+0.972
1718481780,+3.15,+29.136, +8.614,+0.971
1718481900,+3.15,+29.127, +8.632,+0.972
1718482020,+3.15,+29.110, +8.635,+0.972
1718482140,+3.15,+29.093, +8.669,+0.972
1718482260,+3.15,+29.050, +8.681,+0.971
1718482380,+3.15,+29.067, +8.636,+0.971
1718482500,+3.15,+29.050, +8.637,+0.971
1718482620,+3.15,+29.059, +8.616,+0.972
1718482740,+3.15,+29.007, +8.652,+0.972
1718482860,+3.15,+29.016, +8.637,+0.971
1718482980,+3.15,+28.999, +8.651,+0.972
1718483100,+3.15,+28.990, +8.668,+0.971
1718483220,+3.15,+28.990, +8.686,+0.971
1718483340,+3.15,+28.999, +8.667,+0.971
1718483460,+3.15,+28.990, +8.644,+0.971
1718483580,+3.15,+28.990, +8.644,+0.972
1718483700,+3.15,+28.981, +8.624,+0.972
1718483820,+3.15,+28.956, +8.657,+0.971
1718483940,+3.15,+28.930, +8.633,+0.971
1718484060,+3.15,+28.939, +8.651,+0.971
1718484180,+3.15,+28.939, +8.656,+0.971
1718484300,+3.15,+28.930, +8.659,+0.971
1718484420,+3.15,+28.947, +8.677,+0.972
1718484540,+3.15,+28.964, +8.625,+0.972
1718484660,+3.15,+28.973, +8.611,+0.971
1718484780,+3.15,+28.947, +8.630,+0.972
1718484900,+3.15,+29.050, +7.282,+0.971
1718485020,+3.15,+28.365, +7.337,+0.971
1718485140,+3.15,+27.769, +7.414,+0.971
1718485260,+3.15,+27.352, +7.466,+0.971
1718485380,+3.15,+27.004, +7.524,+0.971
1718485500,+3.15,+26.741, +7.546,+0.970
1718485620,+3.16,+26.521, +7.585,+0.970
1718485740,+3.15,+26.327, +7.592,+0.969
1718485860,+3.15,+26.175, +7.631,+0.970
1718485980,+3.15,+26.040, +7.667,+0.970
1718486100,+3.15,+25.913, +7.696,+0.970
1718486220,+3.15,+25.829, +7.707,+0.970
1718486340,+3.16,+25.736, +7.721,+0.970
1718486460,+3.16,+25.635, +7.730,+0.969
1718486580,+3.16,+25.559, +7.753,+0.970
1718486700,+3.16,+25.500, +7.761,+0.969
1718486820,+3.16,+25.416, +7.774,+0.969
1718486940,+3.15,+25.374, +7.788,+0.970
1718487060,+3.15,+25.332, +7.793,+0.969
1718487180,+3.15,+25.306, +7.799,+0.969
1718487300,+3.15,+25.290, +7.803,+0.969
1718487420,+3.15,+25.264, +7.807,+0.970
1718487540,+3.15,+25.239, +7.810,+0.969
1718487660,+3.15,+25.197, +7.837,+0.970
1718487780,+3.15,+25.180, +7.822,+0.969
1718487900,+3.15,+25.155, +7.825,+0.969
1718488020,+3.15,+25.130, +7.832,+0.968
1718488140,+3.15,+25.113, +7.846,+0.969
1718488260,+3.15,+25.079, +7.861,+0.969
1718488380,+3.15,+25.062, +7.867,+0.970
1718488500,+3.15,+25.046, +7.861,+0.969
1718488620,+3.15,+25.004, +7.869,+0.969
1718488740,+3.15,+24.970, +7.867,+0.968
1718488860,+3.15,+24.961, +7.885,+0.970
1718488980,+3.15,+24.936, +7.875,+0.969
1718489100,+3.15,+24.911, +7.887,+0.969
1718489220,+3.15,+24.911, +7.891,+0.969
1718489340,+3.15,+24.911, +7.890,+0.969
1718489460,+3.15,+24.894, +7.884,+0.968
1718489580,+3.15,+24.894, +7.883,+0.968
1718489700,+3.15,+24.886, +7.884,+0.969
1718489820,+3.15,+24.877, +7.885,+0.969
1718489940,+3.15,+24.903, +7.872,+0.969
1718490060,+3.15,+24.911, +7.878,+0.969
1718490180,+3.15,+24.936, +7.865,+0.969
1718490300,+3.15,+24.945, +7.873,+0.969
1718490420,+3.15,+24.945, +7.872,+0.969
1718490540,+3.15,+24.970, +7.865,+0.969
1718490660,+3.15,+24.995, +7.856,+0.969
1718490780,+3.15,+25.020, +7.849,+0.969
1718490900,+3.15,+25.012, +7.855,+0.969
1718491020,+3.15,+25.037, +7.851,+0.969
1718491140,+3.15,+25.037, +7.851,+0.969
1718491260,+3.15,+25.054, +7.849,+0.969
1718491380,+3.15,+25.046, +7.844,+0.968
1718491500,+3.15,+25.079, +7.830,+0.968
1718491620,+3.15,+25.104, +7.838,+0.969
1718491740,+3.15,+25.088, +7.851,+0.970
1718491860,+3.15,+25.121, +7.834,+0.969
