7450-646496
OS REV: 1.05 Sensor Cal: 1573749572
Time (sec),  BV (Volts),  T (deg C),  DO (mg/l),  Q ()
1718232420,+3.18,+27.692, +6.748,+0.968
1718232540,+3.18,+27.683, +7.122,+0.968
1718232660,+3.18,+27.649, +6.897,+0.968
1718232780,+3.18,+27.641, +7.375,+0.969
1718232900,+3.18,+27.590, +6.854,+0.968
1718233020,+3.18,+27.564, +6.798,+0.968
1718233140,+3.18,+27.505, +6.780,+0.969
1718233260,+3.18,+27.522, +7.113,+0.969
1718233380,+3.18,+27.556, +7.126,+0.968
1718233500,+3.18,+27.539, +6.919,+0.969
1718233620,+3.18,+27.530, +7.141,+0.968
1718233740,+3.18,+27.513, +6.847,+0.968
1718233860,+3.17,+27.454, +6.551,+0.968
1718233980,+3.17,+27.454, +7.191,+0.969
1718234100,+3.17,+27.428, +6.667,+0.968
1718234220,+3.17,+27.394, +6.901,+0.969
1718234340,+3.17,+27.428, +6.755,+0.968
1718234460,+3.17,+27.411, +6.818,+0.968
1718234580,+3.17,+27.394, +7.292,+0.968
1718234700,+3.17,+27.462, +7.096,+0.968
1718234820,+3.17,+27.420, +6.744,+0.968
1718234940,+3.17,+27.369, +6.893,+0.968
1718235060,+3.17,+27.335, +6.817,+0.968
1718235180,+3.17,+27.369, +6.718,+0.967
1718235300,+3.17,+27.377, +7.022,+0.968
1718235420,+3.17,+27.360, +6.995,+0.967
1718235540,+3.17,+27.309, +6.924,+0.968
1718235660,+3.17,+27.352, +7.187,+0.968
1718235780,+3.17,+27.360, +7.023,+0.969
1718235900,+3.17,+27.326, +6.665,+0.968
1718236020,+3.17,+27.284, +6.726,+0.968
1718236140,+3.18,+27.267, +6.954,+0.968
1718236260,+3.18,+27.276, +7.008,+0.968
1718236380,+3.17,+27.335, +7.374,+0.969
1718236500,+3.17,+27.411, +7.331,+0.969
1718236620,+3.17,+27.411, +7.176,+0.968
1718236740,+3.17,+27.428, +7.517,+0.969
1718236860,+3.17,+27.369, +6.754,+0.969
1718236980,+3.17,+27.309, +6.868,+0.968
1718237100,+3.17,+27.284, +6.900,+0.968
1718237220,+3.17,+27.292, +6.865,+0.968
1718237340,+3.17,+27.276, +6.910,+0.968
1718237460,+3.18,+27.276, +7.007,+0.969
1718237580,+3.17,+27.301, +7.101,+0.969
1718237700,+3.17,+27.309, +7.133,+0.968
1718237820,+3.17,+27.301, +6.558,+0.967
1718237940,+3.17,+27.326, +7.004,+0.968
1718238060,+3.17,+27.309, +6.898,+0.968
1718238180,+3.17,+27.369, +6.866,+0.968
1718238300,+3.17,+27.326, +6.663,+0.967
1718238420,+3.17,+27.309, +6.726,+0.968
1718238540,+3.17,+27.377, +7.212,+0.968
1718238660,+3.17,+27.386, +7.388,+0.969
1718238780,+3.17,+27.403, +7.317,+0.969
1718238900,+3.17,+27.377, +7.195,+0.969
1718239020,+3.17,+27.386, +6.841,+0.968
1718239140,+3.17,+27.335, +6.702,+0.967
1718239260,+3.17,+27.369, +7.125,+0.969
1718239380,+3.17,+27.301, +6.963,+0.968
1718239500,+3.17,+27.343, +6.775,+0.968
1718239620,+3.17,+27.352, +6.851,+0.969
1718239740,+3.17,+27.411, +7.101,+0.969
1718239860,+3.17,+27.437, +7.314,+0.969
1718239980,+3.17,+27.420, +7.513,+0.970
1718240100,+3.17,+27.445, +7.114,+0.969
1718240220,+3.17,+27.437, +7.157,+0.968
1718240340,+3.17,+27.445, +7.961,+0.970
1718240460,+3.17,+27.437, +6.800,+0.968
1718240580,+3.17,+27.386, +7.178,+0.969
1718240700,+3.17,+27.369, +7.406,+0.968
1718240820,+3.17,+27.377, +6.894,+0.968
1718240940,+3.17,+27.369, +7.405,+0.969
1718241060,+3.17,+27.377, +7.280,+0.968
1718241180,+3.17,+27.420, +7.413,+0.969
1718241300,+3.17,+27.403, +7.087,+0.969
1718241420,+3.17,+27.360, +7.163,+0.968
1718241540,+3.17,+27.386, +7.167,+0.969
1718241660,+3.17,+27.403, +7.636,+0.969
1718241780,+3.17,+27.411, +6.980,+0.968
1718241900,+3.17,+27.309, +6.623,+0.968
1718242020,+3.17,+27.276, +6.650,+0.969
1718242140,+3.17,+27.284, +6.778,+0.969
1718242260,+3.17,+27.284, +6.774,+0.968
1718242380,+3.17,+27.309, +6.962,+0.968
1718242500,+3.17,+27.276, +6.819,+0.968
1718242620,+3.17,+27.276, +7.085,+0.968
1718242740,+3.17,+27.301, +7.317,+0.969
1718242860,+3.17,+27.369, +7.202,+0.968
1718242980,+3.17,+27.394, +7.542,+0.970
1718243100,+3.17,+27.394, +7.327,+0.969
1718243220,+3.17,+27.309, +6.822,+0.968
1718243340,+3.17,+27.284, +6.991,+0.968
1718243460,+3.17,+27.352, +7.428,+0.969
1718243580,+3.17,+27.301, +6.715,+0.968
1718243700,+3.17,+27.318, +6.871,+0.968
1718243820,+3.17,+27.284, +6.915,+0.968
1718243940,+3.17,+27.250, +6.897,+0.968
1718244060,+3.17,+27.267, +7.182,+0.969
1718244180,+3.17,+27.284, +6.957,+0.968
1718244300,+3.17,+27.267, +7.057,+0.969
1718244420,+3.17,+27.292, +6.808,+0.968
1718244540,+3.17,+27.250, +6.933,+0.969
1718244660,+3.17,+27.276, +7.373,+0.969
1718244780,+3.17,+27.335, +7.171,+0.969
1718244900,+3.17,+27.284, +6.856,+0.968
1718245020,+3.17,+27.318, +7.578,+0.969
1718245140,+3.17,+27.326, +7.457,+0.969
1718245260,+3.17,+27.250, +6.731,+0.968
1718245380,+3.17,+27.250, +6.883,+0.968
1718245500,+3.17,+27.276, +7.502,+0.970
1718245620,+3.17,+27.301, +7.438,+0.969
1718245740,+3.17,+27.309, +7.140,+0.969
1718245860,+3.17,+27.309, +7.052,+0.968
1718245980,+3.17,+27.233, +6.888,+0.968
1718246100,+3.17,+27.318, +7.245,+0.968
1718246220,+3.17,+27.284, +7.110,+0.969
1718246340,+3.17,+27.318, +7.441,+0.969
1718246460,+3.17,+27.276, +7.247,+0.969
1718246580,+3.17,+27.276, +7.020,+0.969
1718246700,+3.17,+27.284, +7.437,+0.970
1718246820,+3.17,+27.199, +6.636,+0.968
1718246940,+3.17,+27.208, +7.140,+0.969
1718247060,+3.17,+27.165, +6.941,+0.968
1718247180,+3.17,+27.233, +7.296,+0.968
1718247300,+3.17,+27.191, +6.515,+0.968
1718247420,+3.18,+27.106, +7.170,+0.969
1718247540,+3.17,+27.208, +7.460,+0.970
1718247660,+3.17,+27.199, +6.826,+0.968
1718247780,+3.17,+27.140, +6.724,+0.968
1718247900,+3.17,+27.123, +7.217,+0.969
1718248020,+3.17,+27.148, +7.076,+0.968
1718248140,+3.17,+27.165, +7.379,+0.969
1718248260,+3.18,+27.106, +7.112,+0.969
1718248380,+3.17,+27.131, +7.247,+0.969
1718248500,+3.17,+27.140, +7.081,+0.968
1718248620,+3.17,+27.157, +7.193,+0.969
1718248740,+3.17,+27.148, +7.054,+0.968
1718248860,+3.18,+27.097, +6.476,+0.968
1718248980,+3.18,+27.046, +7.132,+0.969
1718249100,+3.18,+27.055, +6.631,+0.968
1718249220,+3.18,+26.996, +6.740,+0.968
1718249340,+3.18,+27.029, +6.825,+0.968
1718249460,+3.18,+26.970, +6.419,+0.967
1718249580,+3.18,+26.911, +6.664,+0.968
1718249700,+3.18,+26.945, +6.628,+0.968
1718249820,+3.18,+26.953, +7.002,+0.968
1718249940,+3.18,+26.911, +6.269,+0.968
1718250060,+3.18,+26.877, +6.520,+0.968
1718250180,+3.18,+26.885, +6.760,+0.968
1718250300,+3.18,+26.877, +6.279,+0.968
1718250420,+3.18,+26.851, +6.366,+0.968
1718250540,+3.18,+26.792, +6.175,+0.968
1718250660,+3.18,+26.784, +6.605,+0.968
1718250780,+3.18,+26.919, +7.226,+0.968
1718250900,+3.18,+26.894, +6.407,+0.968
1718251020,+3.18,+26.885, +6.730,+0.968
1718251140,+3.18,+26.928, +7.000,+0.968
1718251260,+3.18,+26.936, +6.856,+0.969
1718251380,+3.18,+26.979, +7.130,+0.969
1718251500,+3.18,+26.919, +6.964,+0.968
1718251620,+3.18,+26.894, +6.970,+0.969
1718251740,+3.18,+26.936, +6.973,+0.968
1718251860,+3.18,+26.860, +6.215,+0.967
1718251980,+3.18,+26.750, +6.385,+0.967
1718252100,+3.18,+26.767, +6.644,+0.967
1718252220,+3.18,+26.801, +6.459,+0.968
1718252340,+3.18,+26.775, +6.572,+0.967
1718252460,+3.18,+26.818, +6.813,+0.968
1718252580,+3.18,+26.724, +6.346,+0.968
1718252700,+3.18,+26.784, +6.864,+0.968
1718252820,+3.18,+26.818, +6.898,+0.968
1718252940,+3.18,+26.758, +6.559,+0.967
1718253060,+3.18,+26.809, +7.146,+0.969
1718253180,+3.18,+26.809, +6.670,+0.968
1718253300,+3.18,+26.801, +6.889,+0.969
1718253420,+3.18,+26.818, +5.763,+0.966
1718253540,+3.18,+26.707, +6.075,+0.967
1718253660,+3.18,+26.741, +6.662,+0.968
1718253780,+3.18,+26.775, +6.851,+0.968
1718253900,+3.18,+26.741, +6.667,+0.968
1718254020,+3.18,+26.691, +6.479,+0.967
1718254140,+3.18,+26.682, +6.402,+0.968
1718254260,+3.18,+26.716, +6.535,+0.967
1718254380,+3.18,+26.699, +6.452,+0.967
1718254500,+3.18,+26.665, +6.710,+0.968
1718254620,+3.18,+26.724, +6.736,+0.969
1718254740,+3.18,+26.784, +6.879,+0.969
1718254860,+3.18,+26.758, +6.725,+0.968
1718254980,+3.18,+26.707, +6.258,+0.967
1718255100,+3.18,+26.640, +6.335,+0.968
1718255220,+3.18,+26.716, +6.822,+0.968
1718255340,+3.18,+26.707, +6.568,+0.968
1718255460,+3.18,+26.631, +6.606,+0.968
1718255580,+3.18,+26.631, +6.754,+0.968
1718255700,+3.18,+26.648, +6.351,+0.967
1718255820,+3.18,+26.597, +6.280,+0.967
1718255940,+3.18,+26.623, +6.587,+0.968
1718256060,+3.18,+26.640, +6.421,+0.967
1718256180,+3.18,+26.614, +6.352,+0.968
1718256300,+3.18,+26.665, +6.621,+0.967
1718256420,+3.18,+26.674, +6.478,+0.968
1718256540,+3.18,+26.623, +6.479,+0.969
1718256660,+3.18,+26.665, +6.742,+0.968
1718256780,+3.18,+26.648, +6.405,+0.968
1718256900,+3.18,+26.606, +6.329,+0.968
1718257020,+3.18,+26.640, +6.253,+0.968
1718257140,+3.18,+26.665, +6.698,+0.968
1718257260,+3.18,+26.682, +6.773,+0.968
1718257380,+3.18,+26.665, +6.678,+0.967
1718257500,+3.18,+26.657, +6.489,+0.967
1718257620,+3.18,+26.657, +6.477,+0.967
1718257740,+3.18,+26.614, +6.404,+0.967
1718257860,+3.18,+26.614, +6.740,+0.968
1718257980,+3.18,+26.640, +6.480,+0.968
1718258100,+3.18,+26.631, +6.421,+0.968
1718258220,+3.18,+26.640, +6.708,+0.968
1718258340,+3.18,+26.631, +6.698,+0.968
1718258460,+3.18,+26.640, +6.350,+0.968
1718258580,+3.18,+26.606, +6.466,+0.968
1718258700,+3.18,+26.614, +6.555,+0.967
1718258820,+3.18,+26.640, +6.467,+0.968
1718258940,+3.18,+26.606, +6.500,+0.968
1718259060,+3.18,+26.623, +5.962,+0.966
1718259180,+3.18,+26.606, +6.305,+0.967
1718259300,+3.18,+26.606, +6.538,+0.967
1718259420,+3.18,+26.597, +6.523,+0.967
1718259540,+3.18,+26.623, +6.531,+0.967
1718259660,+3.18,+26.614, +6.405,+0.967
1718259780,+3.18,+26.589, +6.310,+0.967
1718259900,+3.18,+26.581, +6.412,+0.967
1718260020,+3.18,+26.589, +6.436,+0.968
1718260140,+3.18,+26.597, +6.439,+0.968
1718260260,+3.18,+26.555, +6.398,+0.967
1718260380,+3.18,+26.589, +6.488,+0.968
1718260500,+3.18,+26.606, +6.386,+0.967
1718260620,+3.18,+26.572, +6.029,+0.967
1718260740,+3.18,+26.589, +6.371,+0.967
1718260860,+3.18,+26.564, +6.192,+0.967
1718260980,+3.18,+26.555, +6.292,+0.968
1718261100,+3.18,+26.572, +6.192,+0.967
1718261220,+3.18,+26.564, +6.333,+0.967
1718261340,+3.18,+26.572, +6.193,+0.967
1718261460,+3.18,+26.564, +6.407,+0.967
1718261580,+3.18,+26.564, +6.263,+0.967
1718261700,+3.18,+26.564, +6.239,+0.967
1718261820,+3.18,+26.597, +6.421,+0.967
1718261940,+3.18,+26.572, +6.389,+0.968
1718262060,+3.18,+26.597, +6.180,+0.967
1718262180,+3.18,+26.564, +6.164,+0.967
1718262300,+3.18,+26.589, +6.390,+0.968
1718262420,+3.18,+26.572, +6.252,+0.967
1718262540,+3.18,+26.538, +6.329,+0.967
1718262660,+3.18,+26.555, +6.311,+0.967
1718262780,+3.18,+26.547, +6.159,+0.967
1718262900,+3.18,+26.572, +6.199,+0.967
1718263020,+3.18,+26.581, +6.128,+0.967
1718263140,+3.18,+26.589, +6.280,+0.968
1718263260,+3.18,+26.597, +6.162,+0.967
1718263380,+3.18,+26.614, +6.273,+0.968
1718263500,+3.18,+26.589, +5.970,+0.967
1718263620,+3.18,+26.589, +6.190,+0.967
1718263740,+3.18,+26.564, +6.131,+0.967
1718263860,+3.18,+26.597, +6.237,+0.967
1718263980,+3.18,+26.606, +6.089,+0.967
1718264100,+3.18,+26.597, +5.814,+0.967
1718264220,+3.18,+26.597, +6.200,+0.967
1718264340,+3.18,+26.581, +6.020,+0.967
1718264460,+3.18,+26.547, +5.881,+0.967
1718264580,+3.18,+26.555, +5.927,+0.966
1718264700,+3.18,+26.547, +5.974,+0.967
1718264820,+3.18,+26.555, +6.100,+0.967
1718264940,+3.18,+26.572, +6.154,+0.967
1718265060,+3.18,+26.572, +6.191,+0.967
1718265180,+3.18,+26.572, +6.133,+0.967
1718265300,+3.18,+26.581, +6.119,+0.967
1718265420,+3.18,+26.564, +6.165,+0.967
1718265540,+3.18,+26.564, +6.167,+0.966
1718265660,+3.18,+26.547, +6.074,+0.967
1718265780,+3.18,+26.555, +6.033,+0.967
1718265900,+3.18,+26.538, +6.098,+0.967
1718266020,+3.18,+26.530, +6.065,+0.966
1718266140,+3.18,+26.513, +5.868,+0.966
1718266260,+3.18,+26.487, +6.044,+0.967
1718266380,+3.18,+26.521, +5.921,+0.967
1718266500,+3.18,+26.513, +5.914,+0.967
1718266620,+3.18,+26.530, +6.045,+0.967
1718266740,+3.18,+26.496, +5.877,+0.966
1718266860,+3.18,+26.538, +6.218,+0.967
1718266980,+3.18,+26.496, +6.158,+0.966
1718267100,+3.18,+26.496, +6.081,+0.967
1718267220,+3.18,+26.496, +6.153,+0.967
1718267340,+3.18,+26.471, +6.043,+0.966
1718267460,+3.18,+26.479, +6.087,+0.967
1718267580,+3.18,+26.479, +6.157,+0.967
1718267700,+3.18,+26.496, +6.032,+0.967
1718267820,+3.18,+26.496, +6.037,+0.967
1718267940,+3.17,+26.462, +5.890,+0.966
1718268060,+3.17,+26.462, +6.034,+0.967
1718268180,+3.17,+26.445, +6.115,+0.966
1718268300,+3.18,+26.479, +6.087,+0.966
1718268420,+3.17,+26.479, +5.960,+0.967
1718268540,+3.17,+26.462, +5.968,+0.966
1718268660,+3.17,+26.454, +5.743,+0.966
1718268780,+3.17,+26.445, +5.868,+0.967
1718268900,+3.17,+26.445, +6.054,+0.966
1718269020,+3.17,+26.445, +5.743,+0.966
1718269140,+3.17,+26.462, +5.983,+0.966
1718269260,+3.17,+26.462, +5.975,+0.966
1718269380,+3.17,+26.445, +5.834,+0.967
1718269500,+3.17,+26.428, +5.954,+0.967
1718269620,+3.17,+26.420, +5.918,+0.966
1718269740,+3.17,+26.437, +5.988,+0.966
1718269860,+3.17,+26.420, +5.806,+0.966
1718269980,+3.17,+26.386, +5.756,+0.966
1718270100,+3.17,+26.411, +5.843,+0.967
1718270220,+3.17,+26.386, +5.887,+0.966
1718270340,+3.17,+26.394, +6.028,+0.966
1718270460,+3.17,+26.428, +5.935,+0.967
1718270580,+3.17,+26.394, +5.978,+0.966
1718270700,+3.17,+26.386, +5.976,+0.966
1718270820,+3.17,+26.394, +6.040,+0.966
1718270940,+3.17,+26.403, +5.970,+0.966
1718271060,+3.17,+26.386, +5.986,+0.967
1718271180,+3.17,+26.394, +5.914,+0.966
1718271300,+3.17,+26.386, +5.841,+0.966
1718271420,+3.17,+26.369, +5.963,+0.966
1718271540,+3.17,+26.386, +5.919,+0.967
1718271660,+3.17,+26.378, +5.874,+0.966
1718271780,+3.17,+26.378, +5.723,+0.966
1718271900,+3.17,+26.378, +5.912,+0.966
1718272020,+3.17,+26.335, +5.739,+0.966
1718272140,+3.17,+26.361, +5.958,+0.966
1718272260,+3.17,+26.361, +5.871,+0.966
1718272380,+3.17,+26.361, +5.901,+0.966
1718272500,+3.17,+26.344, +5.928,+0.966
1718272620,+3.17,+26.352, +5.935,+0.966
1718272740,+3.17,+26.352, +5.835,+0.966
1718272860,+3.17,+26.335, +5.766,+0.966
1718272980,+3.17,+26.335, +5.917,+0.966
1718273100,+3.17,+26.352, +5.800,+0.966
1718273220,+3.17,+26.344, +5.878,+0.966
1718273340,+3.17,+26.327, +5.747,+0.966
1718273460,+3.17,+26.352, +5.808,+0.967
1718273580,+3.17,+26.344, +5.648,+0.965
1718273700,+3.17,+26.344, +5.736,+0.967
1718273820,+3.17,+26.344, +5.870,+0.966
1718273940,+3.17,+26.352, +5.724,+0.966
1718274060,+3.17,+26.361, +5.793,+0.966
1718274180,+3.17,+26.369, +5.891,+0.966
1718274300,+3.17,+26.352, +5.753,+0.965
1718274420,+3.17,+26.352, +5.832,+0.966
1718274540,+3.17,+26.352, +5.702,+0.966
1718274660,+3.17,+26.344, +5.799,+0.966
1718274780,+3.17,+26.369, +5.920,+0.966
1718274900,+3.17,+26.361, +5.827,+0.967
1718275020,+3.17,+26.352, +5.729,+0.966
1718275140,+3.17,+26.369, +5.716,+0.966
1718275260,+3.17,+26.335, +5.762,+0.966
1718275380,+3.17,+26.335, +5.682,+0.966
1718275500,+3.17,+26.344, +5.701,+0.966
1718275620,+3.17,+26.352, +5.772,+0.966
1718275740,+3.17,+26.335, +5.730,+0.966
1718275860,+3.17,+26.344, +5.769,+0.966
1718275980,+3.17,+26.344, +5.676,+0.966
1718276100,+3.17,+26.352, +5.678,+0.966
1718276220,+3.17,+26.361, +5.814,+0.966
1718276340,+3.17,+26.361, +5.721,+0.966
1718276460,+3.17,+26.352, +5.750,+0.966
1718276580,+3.17,+26.352, +5.587,+0.966
1718276700,+3.17,+26.318, +5.790,+0.966
1718276820,+3.17,+26.344, +5.722,+0.966
1718276940,+3.17,+26.361, +5.809,+0.966
1718277060,+3.17,+26.344, +5.712,+0.966
1718277180,+3.17,+26.369, +5.763,+0.966
1718277300,+3.17,+26.386, +5.638,+0.966
1718277420,+3.17,+26.378, +5.773,+0.966
1718277540,+3.17,+26.352, +5.654,+0.965
1718277660,+3.17,+26.369, +5.726,+0.965
1718277780,+3.17,+26.352, +5.743,+0.966
1718277900,+3.17,+26.327, +5.696,+0.966
1718278020,+3.17,+26.344, +5.741,+0.966
1718278140,+3.17,+26.344, +5.663,+0.966
1718278260,+3.17,+26.327, +5.743,+0.966
1718278380,+3.17,+26.344, +5.798,+0.966
1718278500,+3.17,+26.335, +5.657,+0.966
1718278620,+3.17,+26.361, +5.709,+0.966
1718278740,+3.17,+26.361, +5.658,+0.966
1718278860,+3.17,+26.344, +5.701,+0.966
1718278980,+3.17,+26.361, +5.724,+0.966
1718279100,+3.17,+26.327, +5.751,+0.965
1718279220,+3.17,+26.335, +5.779,+0.966
1718279340,+3.17,+26.327, +5.692,+0.966
1718279460,+3.17,+26.318, +5.549,+0.966
1718279580,+3.17,+26.335, +5.791,+0.966
1718279700,+3.17,+26.344, +5.608,+0.966
1718279820,+3.17,+26.335, +5.728,+0.966
1718279940,+3.17,+26.335, +5.752,+0.966
1718280060,+3.17,+26.318, +5.659,+0.965
1718280180,+3.17,+26.327, +5.611,+0.965
1718280300,+3.17,+26.318, +5.697,+0.966
1718280420,+3.17,+26.335, +5.707,+0.966
1718280540,+3.17,+26.335, +5.622,+0.966
1718280660,+3.17,+26.352, +5.687,+0.966
1718280780,+3.17,+26.327, +5.615,+0.965
1718280900,+3.17,+26.344, +5.604,+0.966
1718281020,+3.17,+26.318, +5.448,+0.965
1718281140,+3.17,+26.310, +5.524,+0.966
1718281260,+3.17,+26.327, +5.575,+0.966
1718281380,+3.17,+26.352, +5.595,+0.966
1718281500,+3.17,+26.344, +5.425,+0.965
1718281620,+3.17,+26.318, +5.503,+0.966
1718281740,+3.17,+26.318, +5.641,+0.966
1718281860,+3.17,+26.310, +5.618,+0.966
1718281980,+3.17,+26.301, +5.514,+0.966
1718282100,+3.17,+26.327, +5.572,+0.965
1718282220,+3.17,+26.335, +5.593,+0.966
1718282340,+3.17,+26.327, +5.409,+0.965
1718282460,+3.17,+26.310, +5.454,+0.966
1718282580,+3.17,+26.318, +5.644,+0.966
1718282700,+3.17,+26.293, +5.561,+0.966
1718282820,+3.17,+26.285, +5.509,+0.966
1718282940,+3.17,+26.285, +5.472,+0.966
1718283060,+3.17,+26.276, +5.552,+0.966
1718283180,+3.17,+26.293, +5.601,+0.966
1718283300,+3.17,+26.293, +5.576,+0.965
1718283420,+3.17,+26.293, +5.583,+0.966
1718283540,+3.17,+26.293, +5.546,+0.966
1718283660,+3.17,+26.285, +5.569,+0.965
1718283780,+3.17,+26.293, +5.577,+0.966
1718283900,+3.17,+26.285, +5.468,+0.965
1718284020,+3.17,+26.293, +5.601,+0.965
1718284140,+3.17,+26.285, +5.607,+0.966
1718284260,+3.17,+26.268, +5.488,+0.965
1718284380,+3.17,+26.276, +5.486,+0.966
1718284500,+3.17,+26.268, +5.572,+0.966
1718284620,+3.17,+26.285, +5.524,+0.965
1718284740,+3.17,+26.310, +5.621,+0.965
1718284860,+3.17,+26.293, +5.464,+0.965
1718284980,+3.17,+26.318, +5.481,+0.965
1718285100,+3.17,+26.327, +5.582,+0.966
1718285220,+3.17,+26.318, +5.573,+0.966
1718285340,+3.17,+26.301, +5.527,+0.965
1718285460,+3.17,+26.285, +5.561,+0.965
1718285580,+3.17,+26.285, +5.422,+0.965
1718285700,+3.17,+26.276, +5.493,+0.966
1718285820,+3.17,+26.301, +5.558,+0.966
1718285940,+3.17,+26.301, +5.405,+0.965
1718286060,+3.17,+26.285, +5.507,+0.966
1718286180,+3.17,+26.293, +5.474,+0.965
1718286300,+3.17,+26.259, +5.462,+0.966
1718286420,+3.17,+26.293, +5.419,+0.966
1718286540,+3.17,+26.285, +5.415,+0.965
1718286660,+3.17,+26.276, +5.386,+0.965
1718286780,+3.17,+26.242, +5.474,+0.966
1718286900,+3.17,+26.276, +5.526,+0.966
1718287020,+3.17,+26.251, +5.482,+0.966
1718287140,+3.17,+26.259, +5.441,+0.965
1718287260,+3.17,+26.251, +5.360,+0.965
1718287380,+3.17,+26.251, +5.503,+0.965
1718287500,+3.17,+26.251, +5.479,+0.966
1718287620,+3.17,+26.259, +5.312,+0.966
1718287740,+3.17,+26.276, +5.399,+0.965
1718287860,+3.17,+26.276, +5.363,+0.966
1718287980,+3.17,+26.276, +5.391,+0.966
1718288100,+3.17,+26.301, +5.375,+0.965
1718288220,+3.17,+26.318, +5.490,+0.965
1718288340,+3.17,+26.285, +5.411,+0.965
1718288460,+3.17,+26.285, +5.383,+0.966
1718288580,+3.17,+26.276, +5.482,+0.966
1718288700,+3.17,+26.276, +5.399,+0.965
1718288820,+3.17,+26.301, +5.434,+0.966
1718288940,+3.17,+26.285, +5.367,+0.965
1718289060,+3.17,+26.293, +5.476,+0.966
1718289180,+3.17,+26.276, +5.418,+0.965
1718289300,+3.17,+26.259, +5.402,+0.965
1718289420,+3.17,+26.251, +5.489,+0.965
1718289540,+3.17,+26.268, +5.423,+0.965
1718289660,+3.17,+26.285, +5.446,+0.966
1718289780,+3.17,+26.268, +5.466,+0.965
1718289900,+3.17,+26.285, +5.289,+0.965
1718290020,+3.17,+26.293, +5.314,+0.964
1718290140,+3.17,+26.276, +5.294,+0.965
1718290260,+3.17,+26.251, +5.420,+0.965
1718290380,+3.17,+26.268, +5.430,+0.965
1718290500,+3.17,+26.276, +5.460,+0.966
1718290620,+3.17,+26.259, +5.324,+0.965
1718290740,+3.17,+26.276, +5.365,+0.965
1718290860,+3.17,+26.268, +5.457,+0.965
1718290980,+3.17,+26.251, +5.338,+0.965
1718291100,+3.17,+26.276, +5.296,+0.966
1718291220,+3.17,+26.276, +5.413,+0.966
1718291340,+3.17,+26.259, +5.311,+0.966
1718291460,+3.17,+26.293, +5.363,+0.965
1718291580,+3.17,+26.276, +5.209,+0.965
1718291700,+3.17,+26.285, +5.413,+0.966
1718291820,+3.17,+26.259, +5.303,+0.966
1718291940,+3.17,+26.285, +5.376,+0.965
1718292060,+3.17,+26.293, +5.294,+0.965
1718292180,+3.17,+26.276, +5.298,+0.965
1718292300,+3.17,+26.276, +5.304,+0.965
1718292420,+3.17,+26.276, +5.281,+0.965
1718292540,+3.17,+26.234, +5.400,+0.965
1718292660,+3.17,+26.225, +5.344,+0.965
1718292780,+3.17,+26.268, +5.401,+0.966
1718292900,+3.17,+26.276, +5.350,+0.964
1718293020,+3.17,+26.242, +5.237,+0.965
1718293140,+3.17,+26.276, +5.349,+0.965
1718293260,+3.17,+26.259, +5.299,+0.965
1718293380,+3.17,+26.225, +5.145,+0.965
1718293500,+3.17,+26.192, +4.803,+0.965
1718293620,+3.17,+26.217, +5.272,+0.965
1718293740,+3.17,+26.225, +5.249,+0.965
1718293860,+3.17,+26.259, +5.374,+0.965
1718293980,+3.17,+26.259, +5.285,+0.965
1718294100,+3.17,+26.242, +5.380,+0.965
1718294220,+3.17,+26.242, +5.295,+0.965
1718294340,+3.17,+26.259, +5.428,+0.966
1718294460,+3.17,+26.268, +5.350,+0.965
1718294580,+3.17,+26.276, +5.300,+0.965
1718294700,+3.17,+26.276, +5.338,+0.966
1718294820,+3.17,+26.268, +5.370,+0.966
1718294940,+3.17,+26.251, +5.348,+0.966
1718295060,+3.17,+26.251, +5.219,+0.965
1718295180,+3.17,+26.251, +5.411,+0.965
1718295300,+3.17,+26.251, +5.442,+0.965
1718295420,+3.17,+26.251, +5.397,+0.965
1718295540,+3.17,+26.242, +5.159,+0.965
1718295660,+3.17,+26.259, +5.341,+0.965
1718295780,+3.17,+26.251, +5.339,+0.965
1718295900,+3.17,+26.251, +5.241,+0.965
1718296020,+3.17,+26.268, +5.361,+0.965
1718296140,+3.17,+26.259, +5.320,+0.965
1718296260,+3.17,+26.234, +5.217,+0.965
1718296380,+3.17,+26.242, +5.334,+0.965
1718296500,+3.17,+26.242, +5.219,+0.965
1718296620,+3.17,+26.242, +5.336,+0.965
1718296740,+3.17,+26.234, +5.439,+0.965
1718296860,+3.17,+26.268, +5.440,+0.966
1718296980,+3.17,+26.276, +5.391,+0.965
1718297100,+3.17,+26.259, +5.260,+0.966
1718297220,+3.17,+26.251, +5.409,+0.965
1718297340,+3.17,+26.276, +5.435,+0.966
1718297460,+3.17,+26.259, +5.342,+0.965
1718297580,+3.17,+26.276, +5.381,+0.965
1718297700,+3.17,+26.268, +5.367,+0.965
1718297820,+3.17,+26.268, +5.380,+0.966
1718297940,+3.17,+26.259, +5.326,+0.965
1718298060,+3.17,+26.276, +5.504,+0.965
1718298180,+3.17,+26.251, +5.436,+0.966
1718298300,+3.17,+26.276, +5.481,+0.966
1718298420,+3.17,+26.268, +5.440,+0.966
1718298540,+3.17,+26.268, +5.456,+0.965
1718298660,+3.17,+26.268, +5.373,+0.965
1718298780,+3.17,+26.234, +5.445,+0.965
1718298900,+3.17,+26.259, +5.499,+0.965
1718299020,+3.17,+26.268, +5.458,+0.965
1718299140,+3.17,+26.242, +5.400,+0.966
1718299260,+3.17,+26.285, +5.520,+0.966
1718299380,+3.17,+26.285, +5.415,+0.965
1718299500,+3.17,+26.285, +5.512,+0.966
1718299620,+3.17,+26.276, +5.585,+0.966
1718299740,+3.17,+26.293, +5.486,+0.965
1718299860,+3.17,+26.293, +5.450,+0.966
1718299980,+3.17,+26.285, +5.520,+0.966
1718300100,+3.17,+26.293, +5.562,+0.966
1718300220,+3.17,+26.310, +5.544,+0.966
1718300340,+3.17,+26.344, +5.628,+0.965
1718300460,+3.17,+26.335, +5.512,+0.966
1718300580,+3.17,+26.335, +5.704,+0.966
1718300700,+3.17,+26.352, +5.668,+0.966
1718300820,+3.17,+26.344, +5.605,+0.966
1718300940,+3.17,+26.344, +5.753,+0.966
1718301060,+3.17,+26.361, +5.735,+0.966
1718301180,+3.17,+26.369, +5.788,+0.966
1718301300,+3.17,+26.369, +5.625,+0.966
1718301420,+3.17,+26.369, +5.600,+0.966
1718301540,+3.17,+26.369, +5.674,+0.965
1718301660,+3.17,+26.378, +5.697,+0.966
1718301780,+3.17,+26.378, +5.870,+0.966
1718301900,+3.17,+26.394, +5.803,+0.966
1718302020,+3.17,+26.411, +5.788,+0.966
1718302140,+3.17,+26.411, +5.779,+0.966
1718302260,+3.17,+26.403, +5.900,+0.966
1718302380,+3.17,+26.394, +5.703,+0.966
1718302500,+3.17,+26.403, +5.757,+0.966
1718302620,+3.17,+26.394, +5.615,+0.967
1718302740,+3.17,+26.420, +5.831,+0.966
1718302860,+3.17,+26.437, +5.848,+0.965
1718302980,+3.17,+26.445, +5.930,+0.965
1718303100,+3.17,+26.428, +5.627,+0.965
1718303220,+3.17,+26.454, +5.931,+0.965
1718303340,+3.17,+26.454, +5.956,+0.966
1718303460,+3.17,+26.454, +5.824,+0.966
1718303580,+3.17,+26.471, +6.007,+0.966
1718303700,+3.17,+26.487, +5.969,+0.966
1718303820,+3.17,+26.504, +6.010,+0.966
1718303940,+3.17,+26.496, +5.990,+0.966
1718304060,+3.17,+26.487, +6.156,+0.966
1718304180,+3.17,+26.513, +6.151,+0.966
1718304300,+3.17,+26.504, +5.819,+0.966
1718304420,+3.17,+26.504, +6.179,+0.966
1718304540,+3.17,+26.521, +6.087,+0.967
1718304660,+3.17,+26.521, +6.157,+0.966
1718304780,+3.17,+26.530, +6.065,+0.966
1718304900,+3.17,+26.521, +6.245,+0.967
1718305020,+3.17,+26.547, +6.273,+0.967
1718305140,+3.17,+26.530, +6.205,+0.967
1718305260,+3.17,+26.547, +6.287,+0.966
1718305380,+3.17,+26.564, +6.201,+0.967
1718305500,+3.17,+26.564, +6.219,+0.967
1718305620,+3.17,+26.564, +6.228,+0.967
1718305740,+3.17,+26.538, +6.182,+0.966
1718305860,+3.17,+26.564, +6.160,+0.967
1718305980,+3.17,+26.547, +6.184,+0.967
1718306100,+3.17,+26.555, +6.332,+0.966
1718306220,+3.17,+26.564, +6.145,+0.967
1718306340,+3.17,+26.564, +6.242,+0.967
1718306460,+3.17,+26.589, +6.227,+0.966
1718306580,+3.17,+26.589, +6.428,+0.967
1718306700,+3.17,+26.606, +6.298,+0.967
1718306820,+3.17,+26.589, +6.336,+0.967
1718306940,+3.17,+26.581, +6.198,+0.966
1718307060,+3.17,+26.623, +6.378,+0.966
1718307180,+3.17,+26.614, +6.206,+0.967
1718307300,+3.17,+26.623, +6.351,+0.968
1718307420,+3.17,+26.606, +6.401,+0.966
1718307540,+3.17,+26.614, +6.317,+0.967
1718307660,+3.17,+26.648, +6.407,+0.967
1718307780,+3.17,+26.648, +6.393,+0.967
1718307900,+3.17,+26.640, +6.553,+0.967
1718308020,+3.17,+26.631, +6.417,+0.967
1718308140,+3.17,+26.657, +6.410,+0.967
1718308260,+3.17,+26.631, +6.426,+0.967
1718308380,+3.17,+26.657, +6.537,+0.967
1718308500,+3.17,+26.674, +6.644,+0.967
1718308620,+3.17,+26.682, +6.496,+0.966
1718308740,+3.17,+26.674, +6.456,+0.967
1718308860,+3.17,+26.674, +6.541,+0.967
1718308980,+3.17,+26.674, +6.479,+0.967
1718309100,+3.17,+26.665, +6.457,+0.968
1718309220,+3.17,+26.682, +6.640,+0.967
1718309340,+3.17,+26.682, +6.669,+0.967
1718309460,+3.17,+26.682, +6.519,+0.967
1718309580,+3.17,+26.691, +6.573,+0.967
1718309700,+3.17,+26.699, +6.717,+0.967
1718309820,+3.17,+26.691, +6.662,+0.967
1718309940,+3.17,+26.699, +6.745,+0.967
1718310060,+3.17,+26.699, +6.636,+0.968
1718310180,+3.17,+26.707, +6.656,+0.967
1718310300,+3.17,+26.733, +6.685,+0.967
1718310420,+3.17,+26.724, +6.848,+0.968
1718310540,+3.17,+26.741, +6.811,+0.968
1718310660,+3.17,+26.767, +6.830,+0.968
1718310780,+3.17,+26.733, +6.796,+0.967
1718310900,+3.17,+26.792, +6.913,+0.968
1718311020,+3.17,+26.758, +6.897,+0.968
1718311140,+3.17,+26.775, +6.864,+0.968
1718311260,+3.17,+26.775, +6.837,+0.967
1718311380,+3.17,+26.767, +6.859,+0.968
1718311500,+3.17,+26.792, +6.920,+0.968
1718311620,+3.17,+26.775, +6.823,+0.967
1718311740,+3.17,+26.775, +6.804,+0.967
1718311860,+3.17,+26.775, +6.805,+0.967
1718311980,+3.17,+26.775, +6.935,+0.968
1718312100,+3.17,+26.775, +6.960,+0.967
1718312220,+3.17,+26.792, +6.967,+0.968
1718312340,+3.17,+26.792, +6.929,+0.968
1718312460,+3.17,+26.784, +6.938,+0.968
1718312580,+3.17,+26.809, +6.952,+0.968
1718312700,+3.17,+26.792, +6.820,+0.968
1718312820,+3.17,+26.784, +6.890,+0.968
1718312940,+3.17,+26.801, +6.965,+0.969
1718313060,+3.17,+26.792, +6.993,+0.968
1718313180,+3.17,+26.801, +7.074,+0.967
1718313300,+3.17,+26.851, +7.122,+0.968
1718313420,+3.17,+26.860, +7.154,+0.968
1718313540,+3.17,+26.843, +7.173,+0.968
1718313660,+3.17,+26.868, +7.261,+0.968
1718313780,+3.17,+26.843, +7.134,+0.967
1718313900,+3.17,+26.851, +7.105,+0.968
1718314020,+3.17,+26.868, +7.061,+0.968
1718314140,+3.17,+26.868, +7.120,+0.969
1718314260,+3.17,+26.894, +7.270,+0.968
1718314380,+3.17,+26.885, +7.164,+0.968
1718314500,+3.17,+26.894, +7.226,+0.968
1718314620,+3.17,+26.902, +7.227,+0.969
1718314740,+3.17,+26.894, +7.288,+0.968
1718314860,+3.17,+26.902, +7.096,+0.969
1718314980,+3.17,+26.902, +7.343,+0.969
1718315100,+3.17,+26.902, +7.367,+0.968
1718315220,+3.17,+26.919, +7.439,+0.968
1718315340,+3.17,+26.902, +7.258,+0.968
1718315460,+3.17,+26.902, +7.316,+0.969
1718315580,+3.17,+26.894, +7.173,+0.968
1718315700,+3.17,+26.902, +7.367,+0.968
1718315820,+3.17,+26.911, +7.340,+0.968
1718315940,+3.17,+26.894, +7.458,+0.969
1718316060,+3.17,+26.902, +7.338,+0.968
1718316180,+3.17,+26.894, +7.235,+0.969
1718316300,+3.17,+26.919, +7.367,+0.968
1718316420,+3.17,+26.885, +7.162,+0.969
1718316540,+3.17,+26.902, +7.385,+0.969
1718316660,+3.17,+26.911, +7.289,+0.969
1718316780,+3.17,+26.894, +7.344,+0.968
1718316900,+3.17,+26.894, +7.379,+0.969
1718317020,+3.17,+26.894, +7.322,+0.969
1718317140,+3.17,+26.902, +7.308,+0.969
1718317260,+3.17,+26.902, +7.472,+0.969
1718317380,+3.17,+26.885, +7.261,+0.968
1718317500,+3.17,+26.911, +7.395,+0.968
1718317620,+3.17,+26.902, +7.499,+0.969
1718317740,+3.17,+26.902, +7.391,+0.969
1718317860,+3.17,+26.919, +7.375,+0.969
1718317980,+3.17,+26.911, +7.523,+0.969
1718318100,+3.17,+26.919, +7.298,+0.968
1718318220,+3.17,+26.919, +7.389,+0.969
1718318340,+3.17,+26.919, +7.509,+0.969
1718318460,+3.17,+26.928, +7.391,+0.968
1718318580,+3.17,+26.911, +7.364,+0.968
1718318700,+3.17,+26.919, +7.303,+0.968
1718318820,+3.17,+26.928, +7.552,+0.969
