7450-646496
OS REV: 1.05 Sensor Cal: 1573749572
Time (sec),  BV (Volts),  T (deg C),  DO (mg/l),  Q ()
1718318940,+3.17,+26.911, +7.401,+0.969
1718319060,+3.17,+26.945, +7.538,+0.969
1718319180,+3.17,+26.911, +7.402,+0.969
1718319300,+3.17,+26.911, +7.347,+0.969
1718319420,+3.17,+26.919, +7.299,+0.968
1718319540,+3.17,+26.919, +7.581,+0.969
1718319660,+3.17,+26.928, +7.524,+0.969
1718319780,+3.17,+26.936, +7.598,+0.969
1718319900,+3.17,+26.919, +7.544,+0.969
1718320020,+3.17,+26.928, +7.654,+0.969
1718320140,+3.17,+26.928, +7.575,+0.969
1718320260,+3.17,+26.928, +7.613,+0.968
1718320380,+3.17,+26.945, +7.769,+0.970
1718320500,+3.17,+26.953, +7.622,+0.968
1718320620,+3.17,+26.928, +7.475,+0.969
1718320740,+3.17,+26.945, +7.672,+0.969
1718320860,+3.17,+26.936, +7.683,+0.970
1718320980,+3.17,+26.928, +7.671,+0.969
1718321100,+3.17,+26.911, +7.495,+0.969
1718321220,+3.17,+26.919, +7.600,+0.970
1718321340,+3.17,+26.911, +7.743,+0.970
1718321460,+3.17,+26.936, +7.735,+0.969
1718321580,+3.17,+26.911, +7.414,+0.969
1718321700,+3.17,+26.928, +7.724,+0.969
1718321820,+3.17,+26.919, +7.630,+0.969
1718321940,+3.17,+26.928, +7.585,+0.969
1718322060,+3.17,+26.911, +7.631,+0.969
1718322180,+3.17,+26.936, +7.704,+0.969
1718322300,+3.17,+26.911, +7.629,+0.969
1718322420,+3.17,+26.902, +7.658,+0.970
1718322540,+3.17,+26.902, +7.453,+0.969
1718322660,+3.17,+26.902, +7.771,+0.969
1718322780,+3.17,+26.885, +7.425,+0.969
1718322900,+3.17,+26.911, +7.770,+0.970
1718323020,+3.17,+26.911, +7.389,+0.969
1718323140,+3.17,+26.885, +7.517,+0.969
1718323260,+3.17,+26.894, +7.548,+0.969
1718323380,+3.17,+26.885, +7.524,+0.969
1718323500,+3.17,+26.919, +7.852,+0.969
1718323620,+3.17,+26.894, +7.562,+0.969
1718323740,+3.17,+26.894, +7.569,+0.969
1718323860,+3.17,+26.885, +7.746,+0.970
1718323980,+3.17,+26.902, +7.473,+0.969
1718324100,+3.17,+26.919, +7.735,+0.968
1718324220,+3.17,+26.911, +7.797,+0.969
1718324340,+3.17,+26.877, +7.502,+0.969
1718324460,+3.17,+26.911, +7.882,+0.970
1718324580,+3.17,+26.911, +7.672,+0.969
1718324700,+3.17,+26.902, +7.781,+0.968
1718324820,+3.17,+26.911, +7.648,+0.970
1718324940,+3.17,+26.919, +7.473,+0.968
1718325060,+3.17,+26.894, +7.704,+0.969
1718325180,+3.17,+26.919, +7.724,+0.970
1718325300,+3.17,+26.894, +7.792,+0.970
1718325420,+3.17,+26.902, +7.639,+0.969
1718325540,+3.17,+26.919, +7.568,+0.969
1718325660,+3.17,+26.919, +7.744,+0.969
1718325780,+3.17,+26.911, +7.482,+0.969
1718325900,+3.17,+26.928, +7.683,+0.970
1718326020,+3.17,+26.928, +7.709,+0.970
1718326140,+3.17,+26.911, +7.726,+0.969
1718326260,+3.17,+26.911, +7.781,+0.970
1718326380,+3.17,+26.919, +7.802,+0.969
1718326500,+3.17,+26.902, +7.752,+0.970
1718326620,+3.17,+26.911, +7.865,+0.969
1718326740,+3.17,+26.911, +7.680,+0.970
1718326860,+3.17,+26.945, +7.889,+0.969
1718326980,+3.17,+26.928, +7.680,+0.970
1718327100,+3.17,+26.928, +7.929,+0.970
1718327220,+3.17,+26.945, +7.886,+0.969
1718327340,+3.17,+26.953, +7.928,+0.970
1718327460,+3.17,+26.919, +7.726,+0.969
1718327580,+3.17,+26.911, +7.770,+0.970
1718327700,+3.17,+26.919, +7.752,+0.969
1718327820,+3.17,+26.928, +7.548,+0.969
1718327940,+3.17,+26.928, +7.870,+0.970
1718328060,+3.17,+26.945, +7.863,+0.970
1718328180,+3.17,+26.919, +7.852,+0.970
1718328300,+3.17,+26.928, +7.730,+0.969
1718328420,+3.17,+26.928, +7.849,+0.969
1718328540,+3.17,+26.928, +7.797,+0.969
1718328660,+3.17,+26.928, +7.822,+0.969
1718328780,+3.17,+26.919, +7.768,+0.969
1718328900,+3.17,+26.928, +7.851,+0.969
1718329020,+3.17,+26.928, +7.717,+0.969
1718329140,+3.17,+26.928, +7.819,+0.969
1718329260,+3.17,+26.928, +7.621,+0.968
1718329380,+3.17,+26.902, +7.712,+0.969
1718329500,+3.17,+26.911, +7.541,+0.969
1718329620,+3.17,+26.911, +7.721,+0.969
1718329740,+3.17,+26.911, +7.752,+0.970
1718329860,+3.17,+26.902, +7.704,+0.969
1718329980,+3.17,+26.919, +7.794,+0.970
1718330100,+3.17,+26.911, +7.711,+0.969
1718330220,+3.17,+26.902, +7.692,+0.970
1718330340,+3.17,+26.902, +7.776,+0.970
1718330460,+3.17,+26.936, +7.747,+0.969
1718330580,+3.17,+26.919, +7.559,+0.970
1718330700,+3.17,+26.919, +7.783,+0.970
1718330820,+3.17,+26.911, +7.678,+0.969
1718330940,+3.17,+26.928, +7.535,+0.969
1718331060,+3.17,+26.911, +7.675,+0.969
1718331180,+3.17,+26.902, +7.711,+0.970
1718331300,+3.17,+26.902, +7.637,+0.970
1718331420,+3.17,+26.911, +7.612,+0.970
1718331540,+3.17,+26.911, +7.752,+0.970
1718331660,+3.17,+26.911, +7.580,+0.969
1718331780,+3.17,+26.902, +7.671,+0.969
1718331900,+3.17,+26.911, +7.576,+0.969
1718332020,+3.17,+26.894, +7.596,+0.969
1718332140,+3.17,+26.919, +7.544,+0.968
1718332260,+3.17,+26.911, +7.639,+0.970
1718332380,+3.17,+26.902, +7.495,+0.969
1718332500,+3.17,+26.902, +7.497,+0.969
1718332620,+3.17,+26.894, +7.631,+0.969
1718332740,+3.17,+26.919, +7.492,+0.969
1718332860,+3.17,+26.902, +7.578,+0.969
1718332980,+3.17,+26.894, +7.410,+0.969
1718333100,+3.17,+26.868, +7.408,+0.969
1718333220,+3.17,+26.902, +7.599,+0.970
1718333340,+3.17,+26.885, +7.489,+0.969
1718333460,+3.17,+26.885, +7.547,+0.969
1718333580,+3.17,+26.877, +7.380,+0.968
1718333700,+3.17,+26.885, +7.570,+0.970
1718333820,+3.17,+26.851, +7.378,+0.969
1718333940,+3.17,+26.860, +7.402,+0.970
1718334060,+3.17,+26.818, +7.406,+0.970
1718334180,+3.17,+26.860, +7.395,+0.969
1718334300,+3.17,+26.860, +7.416,+0.968
1718334420,+3.17,+26.885, +7.531,+0.969
1718334540,+3.17,+26.868, +7.437,+0.970
1718334660,+3.17,+26.860, +7.485,+0.969
1718334780,+3.17,+26.843, +7.349,+0.969
1718334900,+3.17,+26.851, +7.508,+0.969
1718335020,+3.17,+26.835, +7.350,+0.969
1718335140,+3.17,+26.818, +7.390,+0.969
1718335260,+3.17,+26.826, +7.316,+0.969
1718335380,+3.17,+26.809, +7.216,+0.969
1718335500,+3.17,+26.818, +7.523,+0.969
1718335620,+3.17,+26.792, +7.202,+0.969
1718335740,+3.17,+26.784, +7.270,+0.969
1718335860,+3.17,+26.792, +7.417,+0.969
1718335980,+3.17,+26.792, +7.240,+0.969
1718336100,+3.17,+26.784, +7.267,+0.968
1718336220,+3.17,+26.784, +7.224,+0.968
1718336340,+3.17,+26.784, +7.223,+0.968
1718336460,+3.17,+26.767, +7.132,+0.968
1718336580,+3.17,+26.801, +7.376,+0.969
1718336700,+3.17,+26.784, +7.267,+0.969
1718336820,+3.17,+26.792, +7.247,+0.969
1718336940,+3.17,+26.792, +7.154,+0.968
1718337060,+3.17,+26.784, +7.296,+0.969
1718337180,+3.17,+26.792, +7.399,+0.969
1718337300,+3.17,+26.784, +7.305,+0.969
1718337420,+3.17,+26.784, +7.133,+0.968
1718337540,+3.17,+26.784, +7.415,+0.969
1718337660,+3.17,+26.775, +7.143,+0.968
1718337780,+3.17,+26.775, +7.216,+0.969
1718337900,+3.17,+26.733, +7.174,+0.969
1718338020,+3.17,+26.775, +7.230,+0.968
1718338140,+3.17,+26.750, +7.123,+0.969
1718338260,+3.17,+26.758, +7.015,+0.968
1718338380,+3.17,+26.724, +7.190,+0.969
1718338500,+3.17,+26.750, +7.145,+0.969
1718338620,+3.17,+26.699, +6.891,+0.967
1718338740,+3.17,+26.707, +7.079,+0.968
1718338860,+3.17,+26.707, +6.679,+0.968
1718338980,+3.17,+26.707, +7.011,+0.968
1718339100,+3.17,+26.699, +7.073,+0.968
1718339220,+3.17,+26.691, +7.030,+0.969
1718339340,+3.17,+26.716, +7.152,+0.969
1718339460,+3.17,+26.716, +7.079,+0.968
1718339580,+3.17,+26.707, +7.176,+0.968
1718339700,+3.17,+26.716, +7.089,+0.968
1718339820,+3.17,+26.707, +6.974,+0.968
1718339940,+3.17,+26.707, +6.944,+0.967
1718340060,+3.17,+26.699, +7.001,+0.968
1718340180,+3.17,+26.699, +6.966,+0.968
1718340300,+3.17,+26.691, +6.988,+0.967
1718340420,+3.17,+26.682, +7.014,+0.969
1718340540,+3.17,+26.682, +6.870,+0.967
1718340660,+3.17,+26.691, +6.963,+0.968
1718340780,+3.17,+26.707, +7.009,+0.968
1718340900,+3.17,+26.691, +6.696,+0.968
1718341020,+3.17,+26.691, +6.875,+0.968
1718341140,+3.17,+26.682, +6.865,+0.969
1718341260,+3.17,+26.674, +6.920,+0.968
1718341380,+3.17,+26.674, +6.825,+0.968
1718341500,+3.17,+26.674, +6.827,+0.968
1718341620,+3.17,+26.682, +6.995,+0.968
1718341740,+3.17,+26.674, +6.826,+0.968
1718341860,+3.17,+26.648, +6.825,+0.968
1718341980,+3.17,+26.665, +6.777,+0.968
1718342100,+3.17,+26.657, +6.780,+0.968
1718342220,+3.17,+26.657, +6.922,+0.968
1718342340,+3.17,+26.648, +6.617,+0.967
1718342460,+3.17,+26.631, +6.764,+0.968
1718342580,+3.17,+26.640, +6.818,+0.968
1718342700,+3.17,+26.657, +6.542,+0.968
1718342820,+3.17,+26.648, +6.831,+0.968
1718342940,+3.17,+26.640, +6.777,+0.967
1718343060,+3.17,+26.648, +6.893,+0.967
1718343180,+3.17,+26.648, +6.810,+0.969
1718343300,+3.17,+26.640, +6.876,+0.967
1718343420,+3.17,+26.631, +6.776,+0.967
1718343540,+3.17,+26.657, +6.836,+0.968
1718343660,+3.17,+26.648, +6.651,+0.967
1718343780,+3.17,+26.657, +6.837,+0.968
1718343900,+3.17,+26.631, +6.728,+0.968
1718344020,+3.17,+26.640, +6.623,+0.967
1718344140,+3.17,+26.623, +6.719,+0.968
1718344260,+3.17,+26.623, +6.810,+0.968
1718344380,+3.17,+26.640, +6.683,+0.967
1718344500,+3.17,+26.648, +6.756,+0.968
1718344620,+3.17,+26.606, +6.629,+0.968
1718344740,+3.17,+26.640, +6.678,+0.968
1718344860,+3.17,+26.623, +6.770,+0.968
1718344980,+3.17,+26.631, +6.623,+0.968
1718345100,+3.17,+26.623, +6.737,+0.968
1718345220,+3.17,+26.597, +6.432,+0.967
1718345340,+3.17,+26.597, +6.686,+0.968
1718345460,+3.17,+26.597, +6.512,+0.968
1718345580,+3.17,+26.614, +6.601,+0.967
1718345700,+3.17,+26.597, +6.568,+0.967
1718345820,+3.17,+26.614, +6.607,+0.968
1718345940,+3.17,+26.581, +6.464,+0.967
1718346060,+3.17,+26.597, +6.661,+0.967
1718346180,+3.17,+26.581, +6.513,+0.968
1718346300,+3.17,+26.606, +6.582,+0.967
1718346420,+3.17,+26.581, +6.508,+0.967
1718346540,+3.17,+26.581, +6.534,+0.968
1718346660,+3.17,+26.606, +6.729,+0.968
1718346780,+3.17,+26.581, +6.598,+0.967
1718346900,+3.17,+26.572, +6.507,+0.967
1718347020,+3.17,+26.564, +6.650,+0.967
1718347140,+3.17,+26.572, +6.622,+0.968
1718347260,+3.17,+26.547, +6.575,+0.967
1718347380,+3.17,+26.547, +6.402,+0.967
1718347500,+3.17,+26.530, +6.511,+0.967
1718347620,+3.17,+26.538, +6.409,+0.968
1718347740,+3.17,+26.555, +6.580,+0.968
1718347860,+3.17,+26.538, +6.500,+0.968
1718347980,+3.17,+26.530, +6.438,+0.967
1718348100,+3.17,+26.521, +6.461,+0.967
1718348220,+3.17,+26.513, +6.507,+0.967
1718348340,+3.17,+26.504, +6.551,+0.968
1718348460,+3.17,+26.504, +6.371,+0.968
1718348580,+3.17,+26.479, +6.441,+0.967
1718348700,+3.17,+26.479, +6.293,+0.967
1718348820,+3.17,+26.496, +6.417,+0.967
1718348940,+3.17,+26.479, +6.428,+0.967
1718349060,+3.17,+26.487, +6.463,+0.967
1718349180,+3.17,+26.487, +6.472,+0.967
1718349300,+3.17,+26.487, +6.462,+0.968
1718349420,+3.17,+26.471, +6.479,+0.967
1718349540,+3.17,+26.462, +6.426,+0.967
1718349660,+3.17,+26.462, +6.577,+0.967
1718349780,+3.17,+26.454, +6.480,+0.967
1718349900,+3.17,+26.445, +6.495,+0.967
1718350020,+3.16,+26.454, +6.405,+0.967
1718350140,+3.16,+26.437, +6.449,+0.967
1718350260,+3.16,+26.445, +6.343,+0.967
1718350380,+3.16,+26.411, +6.453,+0.968
1718350500,+3.16,+26.403, +6.308,+0.967
1718350620,+3.16,+26.411, +6.501,+0.968
1718350740,+3.16,+26.403, +6.364,+0.967
1718350860,+3.16,+26.420, +6.376,+0.967
1718350980,+3.16,+26.420, +6.525,+0.967
1718351100,+3.16,+26.420, +6.482,+0.967
1718351220,+3.16,+26.420, +6.462,+0.968
1718351340,+3.16,+26.394, +6.294,+0.966
1718351460,+3.16,+26.403, +6.240,+0.967
1718351580,+3.16,+26.420, +6.414,+0.967
1718351700,+3.16,+26.411, +6.384,+0.967
1718351820,+3.16,+26.403, +6.382,+0.967
1718351940,+3.16,+26.386, +6.489,+0.967
1718352060,+3.16,+26.403, +6.294,+0.967
1718352180,+3.16,+26.386, +6.344,+0.968
1718352300,+3.16,+26.403, +6.293,+0.967
1718352420,+3.16,+26.386, +6.297,+0.967
1718352540,+3.16,+26.403, +6.288,+0.967
1718352660,+3.16,+26.386, +6.212,+0.967
1718352780,+3.16,+26.394, +6.401,+0.968
1718352900,+3.16,+26.386, +6.257,+0.967
1718353020,+3.16,+26.378, +6.367,+0.967
1718353140,+3.16,+26.378, +6.146,+0.966
1718353260,+3.16,+26.403, +6.241,+0.967
1718353380,+3.16,+26.386, +6.237,+0.967
1718353500,+3.16,+26.378, +6.290,+0.967
1718353620,+3.16,+26.378, +6.165,+0.967
1718353740,+3.16,+26.369, +6.245,+0.967
1718353860,+3.16,+26.335, +6.185,+0.967
1718353980,+3.16,+26.361, +6.196,+0.967
1718354100,+3.16,+26.369, +6.198,+0.967
1718354220,+3.16,+26.386, +6.294,+0.967
1718354340,+3.16,+26.378, +6.149,+0.967
1718354460,+3.16,+26.386, +6.300,+0.967
1718354580,+3.16,+26.378, +6.154,+0.967
1718354700,+3.16,+26.369, +6.269,+0.967
1718354820,+3.16,+26.386, +6.263,+0.968
1718354940,+3.16,+26.369, +6.230,+0.967
1718355060,+3.16,+26.352, +6.208,+0.967
1718355180,+3.16,+26.369, +6.179,+0.967
1718355300,+3.16,+26.378, +6.275,+0.967
1718355420,+3.16,+26.394, +6.220,+0.967
1718355540,+3.16,+26.378, +6.237,+0.967
1718355660,+3.16,+26.386, +6.246,+0.967
1718355780,+3.16,+26.378, +6.167,+0.967
1718355900,+3.16,+26.369, +6.260,+0.967
1718356020,+3.16,+26.386, +6.183,+0.967
1718356140,+3.16,+26.403, +6.206,+0.967
1718356260,+3.16,+26.369, +6.231,+0.967
1718356380,+3.16,+26.386, +6.255,+0.967
1718356500,+3.16,+26.403, +6.230,+0.967
1718356620,+3.16,+26.369, +6.089,+0.967
1718356740,+3.16,+26.327, +6.045,+0.966
1718356860,+3.16,+26.327, +6.133,+0.967
1718356980,+3.16,+26.335, +6.112,+0.967
1718357100,+3.16,+26.335, +6.004,+0.966
1718357220,+3.16,+26.335, +6.073,+0.966
1718357340,+3.16,+26.335, +6.083,+0.966
1718357460,+3.16,+26.327, +6.037,+0.966
1718357580,+3.16,+26.335, +5.972,+0.967
1718357700,+3.16,+26.335, +6.069,+0.967
1718357820,+3.16,+26.335, +6.079,+0.966
1718357940,+3.16,+26.327, +6.047,+0.967
1718358060,+3.16,+26.361, +6.111,+0.966
1718358180,+3.16,+26.335, +5.941,+0.967
1718358300,+3.16,+26.318, +6.096,+0.967
1718358420,+3.16,+26.335, +6.053,+0.966
1718358540,+3.16,+26.293, +5.906,+0.966
1718358660,+3.16,+26.318, +5.962,+0.966
1718358780,+3.16,+26.335, +6.108,+0.967
1718358900,+3.16,+26.327, +6.050,+0.966
1718359020,+3.16,+26.310, +6.015,+0.966
1718359140,+3.16,+26.318, +6.053,+0.967
1718359260,+3.16,+26.293, +6.064,+0.966
1718359380,+3.16,+26.301, +6.005,+0.966
1718359500,+3.16,+26.293, +5.888,+0.966
1718359620,+3.16,+26.318, +6.025,+0.967
1718359740,+3.16,+26.285, +6.046,+0.967
1718359860,+3.16,+26.301, +6.033,+0.966
1718359980,+3.16,+26.276, +5.919,+0.966
1718360100,+3.16,+26.242, +5.998,+0.967
1718360220,+3.16,+26.234, +5.948,+0.966
1718360340,+3.16,+26.234, +5.950,+0.966
1718360460,+3.16,+26.234, +5.878,+0.966
1718360580,+3.16,+26.234, +6.029,+0.967
1718360700,+3.16,+26.268, +6.086,+0.967
1718360820,+3.16,+26.251, +5.991,+0.966
1718360940,+3.16,+26.285, +5.917,+0.966
1718361060,+3.16,+26.259, +5.869,+0.966
1718361180,+3.16,+26.276, +5.908,+0.966
1718361300,+3.16,+26.242, +5.991,+0.966
1718361420,+3.16,+26.225, +5.912,+0.966
1718361540,+3.16,+26.225, +5.912,+0.966
1718361660,+3.16,+26.242, +5.855,+0.966
1718361780,+3.16,+26.259, +5.857,+0.966
1718361900,+3.16,+26.225, +5.811,+0.966
1718362020,+3.16,+26.234, +5.849,+0.966
1718362140,+3.16,+26.259, +5.895,+0.966
1718362260,+3.16,+26.242, +5.930,+0.966
1718362380,+3.16,+26.225, +5.876,+0.966
1718362500,+3.16,+26.234, +5.847,+0.966
1718362620,+3.16,+26.225, +5.877,+0.967
1718362740,+3.16,+26.217, +5.909,+0.966
1718362860,+3.16,+26.234, +5.936,+0.966
1718362980,+3.16,+26.217, +5.611,+0.965
1718363100,+3.16,+26.217, +5.933,+0.966
1718363220,+3.16,+26.217, +5.875,+0.966
1718363340,+3.16,+26.183, +5.865,+0.966
1718363460,+3.16,+26.192, +5.734,+0.966
1718363580,+3.16,+26.175, +5.905,+0.966
1718363700,+3.16,+26.192, +5.711,+0.966
1718363820,+3.16,+26.183, +5.752,+0.966
1718363940,+3.16,+26.149, +5.875,+0.966
1718364060,+3.16,+26.149, +5.827,+0.966
1718364180,+3.16,+26.149, +5.738,+0.966
1718364300,+3.16,+26.158, +5.794,+0.966
1718364420,+3.16,+26.141, +5.769,+0.966
1718364540,+3.16,+26.116, +5.634,+0.966
1718364660,+3.16,+26.099, +5.610,+0.966
1718364780,+3.16,+26.107, +5.781,+0.966
1718364900,+3.16,+26.116, +5.783,+0.966
1718365020,+3.16,+26.116, +5.461,+0.965
1718365140,+3.16,+26.124, +5.740,+0.966
1718365260,+3.16,+26.116, +5.620,+0.965
1718365380,+3.16,+26.116, +5.810,+0.966
1718365500,+3.16,+26.107, +5.774,+0.966
1718365620,+3.16,+26.116, +5.730,+0.965
1718365740,+3.16,+26.082, +5.573,+0.965
1718365860,+3.16,+26.065, +5.737,+0.966
1718365980,+3.16,+26.090, +5.651,+0.966
1718366100,+3.16,+26.116, +5.554,+0.965
1718366220,+3.16,+26.116, +5.597,+0.966
1718366340,+3.16,+26.116, +5.676,+0.966
1718366460,+3.16,+26.116, +5.513,+0.966
1718366580,+3.16,+26.124, +5.688,+0.966
1718366700,+3.16,+26.116, +5.607,+0.966
1718366820,+3.16,+26.124, +5.602,+0.966
1718366940,+3.16,+26.141, +5.641,+0.966
1718367060,+3.16,+26.124, +5.640,+0.966
1718367180,+3.16,+26.107, +5.582,+0.966
1718367300,+3.16,+26.133, +5.710,+0.965
1718367420,+3.16,+26.116, +5.484,+0.965
1718367540,+3.16,+26.082, +5.476,+0.966
1718367660,+3.16,+26.065, +5.483,+0.965
1718367780,+3.16,+26.090, +5.533,+0.965
1718367900,+3.16,+26.090, +5.530,+0.966
1718368020,+3.16,+26.073, +5.532,+0.966
1718368140,+3.16,+26.116, +5.505,+0.966
1718368260,+3.16,+26.099, +5.545,+0.966
1718368380,+3.16,+26.082, +5.503,+0.966
1718368500,+3.16,+26.065, +5.376,+0.965
1718368620,+3.16,+26.082, +5.516,+0.966
1718368740,+3.16,+26.082, +5.453,+0.965
1718368860,+3.16,+26.082, +5.490,+0.966
1718368980,+3.16,+26.065, +5.459,+0.965
1718369100,+3.16,+26.065, +5.496,+0.966
1718369220,+3.16,+26.048, +5.359,+0.966
1718369340,+3.16,+26.065, +5.383,+0.965
1718369460,+3.16,+26.048, +5.377,+0.965
1718369580,+3.16,+26.065, +5.484,+0.965
1718369700,+3.16,+26.065, +5.509,+0.966
1718369820,+3.16,+26.065, +5.566,+0.966
1718369940,+3.16,+26.082, +5.497,+0.965
1718370060,+3.16,+26.082, +5.532,+0.966
1718370180,+3.16,+26.082, +5.257,+0.966
1718370300,+3.16,+26.073, +5.505,+0.966
1718370420,+3.16,+26.090, +5.504,+0.966
1718370540,+3.16,+26.073, +5.523,+0.966
1718370660,+3.16,+26.057, +5.110,+0.965
1718370780,+3.16,+26.073, +5.495,+0.966
1718370900,+3.16,+26.057, +5.455,+0.965
1718371020,+3.16,+26.048, +5.443,+0.965
1718371140,+3.16,+26.082, +5.443,+0.966
1718371260,+3.16,+26.082, +5.317,+0.965
1718371380,+3.16,+26.065, +5.473,+0.966
1718371500,+3.16,+26.065, +5.426,+0.965
1718371620,+3.16,+26.065, +5.298,+0.965
1718371740,+3.16,+26.082, +5.395,+0.965
1718371860,+3.16,+26.065, +5.328,+0.966
1718371980,+3.16,+26.073, +5.453,+0.965
1718372100,+3.16,+26.065, +5.321,+0.965
1718372220,+3.16,+26.057, +5.472,+0.965
1718372340,+3.16,+26.048, +5.303,+0.965
1718372460,+3.16,+26.040, +5.299,+0.966
1718372580,+3.16,+26.082, +5.286,+0.966
1718372700,+3.16,+26.065, +5.287,+0.965
1718372820,+3.16,+26.065, +5.432,+0.965
1718372940,+3.16,+26.073, +5.428,+0.965
1718373060,+3.16,+26.048, +5.454,+0.965
1718373180,+3.16,+26.031, +5.403,+0.965
1718373300,+3.16,+26.031, +5.350,+0.965
1718373420,+3.16,+26.057, +5.366,+0.966
1718373540,+3.16,+26.048, +5.275,+0.965
1718373660,+3.16,+26.023, +5.303,+0.965
1718373780,+3.16,+26.040, +5.359,+0.965
1718373900,+3.16,+26.031, +5.340,+0.965
1718374020,+3.16,+26.048, +5.292,+0.966
1718374140,+3.16,+26.048, +5.454,+0.965
1718374260,+3.16,+26.040, +5.328,+0.965
1718374380,+3.16,+26.040, +5.286,+0.965
1718374500,+3.16,+26.040, +5.393,+0.965
1718374620,+3.16,+26.040, +5.284,+0.965
1718374740,+3.16,+26.040, +5.399,+0.965
1718374860,+3.16,+26.048, +5.238,+0.965
1718374980,+3.16,+26.040, +5.255,+0.965
1718375100,+3.16,+26.048, +5.335,+0.965
1718375220,+3.16,+26.040, +5.384,+0.965
1718375340,+3.16,+26.048, +5.285,+0.965
1718375460,+3.16,+26.031, +5.266,+0.965
1718375580,+3.16,+26.040, +5.328,+0.965
1718375700,+3.16,+26.031, +5.304,+0.965
1718375820,+3.16,+26.048, +5.319,+0.965
1718375940,+3.16,+26.048, +5.296,+0.965
1718376060,+3.16,+26.065, +5.386,+0.965
1718376180,+3.16,+26.073, +5.249,+0.965
1718376300,+3.16,+26.057, +5.430,+0.965
1718376420,+3.16,+26.057, +5.321,+0.965
1718376540,+3.16,+26.048, +5.315,+0.965
1718376660,+3.16,+26.023, +5.360,+0.965
1718376780,+3.16,+26.031, +5.287,+0.965
1718376900,+3.16,+26.014, +5.355,+0.965
1718377020,+3.16,+26.006, +5.202,+0.965
1718377140,+3.16,+26.006, +5.248,+0.965
1718377260,+3.16,+26.023, +5.214,+0.965
1718377380,+3.16,+26.014, +5.278,+0.965
1718377500,+3.16,+26.023, +5.268,+0.965
1718377620,+3.16,+26.014, +5.183,+0.965
1718377740,+3.16,+26.014, +5.321,+0.965
1718377860,+3.16,+26.031, +5.379,+0.965
1718377980,+3.16,+26.031, +5.377,+0.965
1718378100,+3.16,+26.031, +5.217,+0.965
1718378220,+3.16,+26.031, +5.216,+0.965
1718378340,+3.16,+26.023, +5.182,+0.965
1718378460,+3.16,+26.031, +5.199,+0.965
1718378580,+3.16,+26.014, +5.339,+0.965
1718378700,+3.16,+25.997, +5.294,+0.966
1718378820,+3.16,+25.989, +5.204,+0.965
1718378940,+3.16,+26.006, +5.286,+0.965
1718379060,+3.16,+26.014, +5.337,+0.965
1718379180,+3.16,+25.989, +5.184,+0.965
1718379300,+3.16,+25.989, +5.241,+0.965
1718379420,+3.16,+25.989, +5.362,+0.965
1718379540,+3.16,+25.997, +5.242,+0.966
1718379660,+3.16,+25.997, +5.221,+0.965
1718379780,+3.16,+25.997, +5.382,+0.965
1718379900,+3.16,+26.006, +5.076,+0.965
1718380020,+3.16,+25.989, +5.196,+0.965
1718380140,+3.16,+25.964, +5.259,+0.965
1718380260,+3.16,+25.972, +5.283,+0.965
1718380380,+3.16,+25.964, +5.206,+0.965
1718380500,+3.16,+25.955, +5.343,+0.965
1718380620,+3.16,+25.972, +5.317,+0.965
1718380740,+3.16,+25.964, +5.069,+0.965
1718380860,+3.16,+25.947, +5.286,+0.965
1718380980,+3.16,+25.930, +5.379,+0.965
1718381100,+3.16,+25.938, +5.268,+0.965
1718381220,+3.16,+25.930, +5.174,+0.965
1718381340,+3.16,+25.947, +5.289,+0.965
1718381460,+3.16,+25.955, +5.266,+0.965
1718381580,+3.16,+25.955, +5.232,+0.965
1718381700,+3.16,+25.930, +5.239,+0.965
1718381820,+3.16,+25.947, +5.280,+0.965
1718381940,+3.16,+25.938, +5.160,+0.965
1718382060,+3.16,+25.930, +5.310,+0.965
1718382180,+3.16,+25.947, +5.245,+0.965
1718382300,+3.16,+25.938, +5.352,+0.965
1718382420,+3.16,+25.938, +5.187,+0.965
1718382540,+3.16,+25.913, +5.182,+0.965
1718382660,+3.16,+25.938, +5.343,+0.965
1718382780,+3.16,+25.938, +5.215,+0.965
1718382900,+3.16,+25.913, +5.217,+0.965
1718383020,+3.16,+25.896, +5.378,+0.965
1718383140,+3.16,+25.896, +5.330,+0.965
1718383260,+3.16,+25.888, +5.192,+0.965
1718383380,+3.16,+25.879, +5.335,+0.966
1718383500,+3.16,+25.913, +5.369,+0.965
1718383620,+3.16,+25.905, +5.276,+0.965
1718383740,+3.16,+25.905, +5.238,+0.965
1718383860,+3.16,+25.871, +5.329,+0.965
1718383980,+3.16,+25.905, +5.343,+0.965
1718384100,+3.16,+25.905, +5.245,+0.965
1718384220,+3.16,+25.846, +5.358,+0.965
1718384340,+3.16,+25.879, +5.376,+0.965
1718384460,+3.16,+25.888, +5.316,+0.965
1718384580,+3.16,+25.896, +5.306,+0.965
1718384700,+3.16,+25.896, +5.374,+0.965
1718384820,+3.16,+25.905, +5.397,+0.965
1718384940,+3.16,+25.896, +5.477,+0.965
1718385060,+3.16,+25.888, +5.385,+0.965
1718385180,+3.16,+25.888, +5.391,+0.965
1718385300,+3.16,+25.879, +5.451,+0.965
1718385420,+3.16,+25.879, +5.386,+0.965
1718385540,+3.16,+25.879, +5.445,+0.965
1718385660,+3.16,+25.854, +5.455,+0.965
1718385780,+3.16,+25.862, +5.532,+0.965
1718385900,+3.16,+25.846, +5.577,+0.965
1718386020,+3.16,+25.837, +5.516,+0.965
1718386140,+3.16,+25.837, +5.480,+0.965
1718386260,+3.16,+25.846, +5.528,+0.965
1718386380,+3.16,+25.854, +5.520,+0.965
1718386500,+3.16,+25.854, +5.478,+0.965
1718386620,+3.16,+25.846, +5.523,+0.965
1718386740,+3.16,+25.846, +5.585,+0.965
1718386860,+3.16,+25.846, +5.521,+0.965
1718386980,+3.16,+25.854, +5.572,+0.965
1718387100,+3.16,+25.854, +5.534,+0.966
1718387220,+3.16,+25.846, +5.538,+0.965
1718387340,+3.16,+25.854, +5.712,+0.965
1718387460,+3.16,+25.854, +5.696,+0.965
1718387580,+3.16,+25.846, +5.595,+0.966
1718387700,+3.16,+25.862, +5.672,+0.965
1718387820,+3.16,+25.871, +5.700,+0.966
1718387940,+3.16,+25.879, +5.655,+0.965
1718388060,+3.16,+25.896, +5.712,+0.965
1718388180,+3.16,+25.896, +5.786,+0.966
1718388300,+3.16,+25.896, +5.791,+0.965
1718388420,+3.16,+25.913, +5.794,+0.966
1718388540,+3.16,+25.921, +5.743,+0.965
1718388660,+3.16,+25.930, +5.831,+0.965
1718388780,+3.16,+25.938, +5.785,+0.965
1718388900,+3.16,+25.930, +6.016,+0.966
1718389020,+3.16,+25.930, +5.792,+0.965
1718389140,+3.16,+25.930, +5.929,+0.965
1718389260,+3.16,+25.930, +5.807,+0.966
1718389380,+3.16,+25.930, +5.958,+0.965
1718389500,+3.16,+25.947, +5.861,+0.966
1718389620,+3.16,+25.947, +5.790,+0.965
1718389740,+3.16,+25.938, +6.048,+0.966
1718389860,+3.16,+25.930, +5.916,+0.965
1718389980,+3.16,+25.938, +6.029,+0.965
1718390100,+3.16,+25.964, +6.059,+0.965
1718390220,+3.16,+25.964, +6.114,+0.966
1718390340,+3.16,+25.997, +6.050,+0.966
1718390460,+3.16,+25.997, +6.141,+0.966
1718390580,+3.16,+25.997, +6.094,+0.966
1718390700,+3.16,+26.014, +6.260,+0.965
1718390820,+3.16,+26.023, +6.161,+0.966
1718390940,+3.16,+26.023, +6.103,+0.965
1718391060,+3.16,+26.048, +6.232,+0.966
1718391180,+3.16,+26.048, +6.301,+0.966
1718391300,+3.16,+26.065, +6.190,+0.966
1718391420,+3.16,+26.073, +6.261,+0.966
1718391540,+3.16,+26.082, +6.297,+0.966
1718391660,+3.16,+26.099, +6.222,+0.965
1718391780,+3.16,+26.116, +6.374,+0.967
1718391900,+3.16,+26.133, +6.354,+0.967
1718392020,+3.16,+26.166, +6.500,+0.967
1718392140,+3.16,+26.175, +6.249,+0.966
1718392260,+3.16,+26.200, +6.320,+0.966
1718392380,+3.16,+26.225, +6.429,+0.967
1718392500,+3.16,+26.234, +6.477,+0.967
1718392620,+3.16,+26.242, +6.392,+0.967
1718392740,+3.16,+26.285, +6.609,+0.967
1718392860,+3.16,+26.293, +6.447,+0.967
1718392980,+3.16,+26.285, +6.224,+0.966
1718393100,+3.16,+26.335, +6.506,+0.966
1718393220,+3.16,+26.318, +6.464,+0.966
1718393340,+3.16,+26.335, +6.548,+0.967
1718393460,+3.16,+26.378, +6.618,+0.967
1718393580,+3.16,+26.378, +6.635,+0.967
1718393700,+3.16,+26.386, +6.481,+0.967
1718393820,+3.16,+26.411, +6.625,+0.967
1718393940,+3.16,+26.411, +6.561,+0.966
1718394060,+3.16,+26.420, +6.732,+0.967
1718394180,+3.16,+26.437, +6.571,+0.967
1718394300,+3.16,+26.445, +6.601,+0.968
1718394420,+3.16,+26.462, +6.763,+0.968
1718394540,+3.16,+26.471, +6.601,+0.967
1718394660,+3.16,+26.454, +6.739,+0.967
1718394780,+3.16,+26.462, +6.696,+0.967
1718394900,+3.16,+26.504, +6.840,+0.967
1718395020,+3.16,+26.538, +6.771,+0.967
1718395140,+3.16,+26.530, +6.812,+0.967
1718395260,+3.16,+26.538, +6.761,+0.967
1718395380,+3.16,+26.555, +6.767,+0.967
1718395500,+3.16,+26.564, +6.953,+0.968
1718395620,+3.16,+26.581, +6.787,+0.968
1718395740,+3.16,+26.589, +6.917,+0.967
1718395860,+3.16,+26.597, +6.917,+0.968
1718395980,+3.16,+26.597, +6.816,+0.968
1718396100,+3.16,+26.614, +6.969,+0.969
1718396220,+3.16,+26.640, +6.959,+0.968
1718396340,+3.16,+26.623, +6.921,+0.967
1718396460,+3.16,+26.623, +7.058,+0.968
1718396580,+3.16,+26.640, +6.834,+0.967
1718396700,+3.16,+26.657, +7.015,+0.968
1718396820,+3.16,+26.674, +7.015,+0.968
1718396940,+3.16,+26.682, +6.955,+0.967
1718397060,+3.16,+26.682, +6.931,+0.968
1718397180,+3.16,+26.691, +7.046,+0.968
1718397300,+3.16,+26.699, +6.952,+0.967
1718397420,+3.16,+26.724, +7.085,+0.968
1718397540,+3.16,+26.716, +7.020,+0.969
1718397660,+3.16,+26.750, +7.133,+0.968
1718397780,+3.16,+26.775, +7.053,+0.968
1718397900,+3.16,+26.784, +7.279,+0.970
1718398020,+3.16,+26.775, +7.182,+0.969
1718398140,+3.16,+26.809, +7.143,+0.967
1718398260,+3.16,+26.792, +7.178,+0.969
1718398380,+3.16,+26.801, +7.174,+0.968
1718398500,+3.16,+26.835, +7.237,+0.968
1718398620,+3.16,+26.826, +7.310,+0.969
1718398740,+3.16,+26.851, +7.315,+0.969
1718398860,+3.16,+26.851, +7.208,+0.969
1718398980,+3.16,+26.860, +7.266,+0.969
1718399100,+3.16,+26.885, +7.380,+0.969
1718399220,+3.16,+26.877, +7.338,+0.969
1718399340,+3.16,+26.928, +7.474,+0.969
1718399460,+3.16,+26.894, +7.371,+0.969
1718399580,+3.16,+26.911, +7.417,+0.968
1718399700,+3.16,+26.919, +7.335,+0.969
1718399820,+3.16,+26.953, +7.355,+0.968
1718399940,+3.16,+26.936, +7.569,+0.970
1718400060,+3.16,+26.945, +7.574,+0.970
1718400180,+3.16,+26.962, +7.387,+0.969
1718400300,+3.16,+26.936, +7.480,+0.969
1718400420,+3.16,+26.970, +7.466,+0.969
1718400540,+3.16,+26.953, +7.510,+0.969
1718400660,+3.16,+26.979, +7.726,+0.969
1718400780,+3.16,+26.987, +7.538,+0.968
1718400900,+3.16,+26.987, +7.688,+0.969
1718401020,+3.16,+27.004, +7.723,+0.970
1718401140,+3.16,+27.004, +7.681,+0.970
1718401260,+3.16,+27.038, +7.664,+0.970
1718401380,+3.16,+27.072, +7.795,+0.970
1718401500,+3.16,+27.106, +7.771,+0.970
1718401620,+3.16,+27.106, +7.848,+0.970
1718401740,+3.16,+27.140, +8.031,+0.971
1718401860,+3.16,+27.131, +7.813,+0.969
1718401980,+3.16,+27.131, +7.893,+0.970
1718402100,+3.16,+27.157, +8.059,+0.970
1718402220,+3.16,+27.165, +7.812,+0.970
1718402340,+3.16,+27.174, +8.022,+0.971
1718402460,+3.16,+27.182, +7.799,+0.969
1718402580,+3.16,+27.199, +8.038,+0.970
1718402700,+3.16,+27.233, +8.144,+0.971
1718402820,+3.16,+27.216, +8.173,+0.970
1718402940,+3.16,+27.216, +7.969,+0.970
1718403060,+3.16,+27.250, +8.219,+0.970
1718403180,+3.16,+27.284, +8.226,+0.971
1718403300,+3.16,+27.267, +7.980,+0.970
1718403420,+3.16,+27.284, +8.179,+0.970
1718403540,+3.16,+27.292, +8.249,+0.971
1718403660,+3.16,+27.309, +8.357,+0.971
1718403780,+3.16,+27.292, +8.164,+0.970
1718403900,+3.16,+27.318, +8.385,+0.972
1718404020,+3.16,+27.301, +8.196,+0.971
1718404140,+3.16,+27.292, +8.258,+0.970
1718404260,+3.16,+27.335, +8.374,+0.970
1718404380,+3.16,+27.360, +8.437,+0.972
1718404500,+3.16,+27.352, +8.346,+0.971
1718404620,+3.16,+27.352, +8.226,+0.972
1718404740,+3.16,+27.394, +8.478,+0.972
1718404860,+3.16,+27.403, +8.203,+0.971
1718404980,+3.16,+27.394, +8.348,+0.971
1718405100,+3.16,+27.411, +8.450,+0.971
1718405220,+3.16,+27.428, +8.425,+0.971
1718405340,+3.16,+27.428, +8.496,+0.971
