7450-646496
OS REV: 1.05 Sensor Cal: 1573749572
Time (sec),  BV (Volts),  T (deg C),  DO (mg/l),  Q ()
1718658900,+3.08,+26.040, +7.739,+0.969
1718659020,+3.08,+26.166, +7.727,+0.969
1718659140,+3.08,+26.225, +7.718,+0.970
1718659260,+3.08,+26.209, +7.724,+0.969
1718659380,+3.08,+26.175, +7.759,+0.970
1718659500,+3.08,+26.133, +7.714,+0.969
1718659620,+3.08,+25.997, +7.733,+0.969
1718659740,+3.09,+25.837, +7.753,+0.969
1718659860,+3.09,+25.854, +7.816,+0.966
1718659980,+3.09,+26.775, +7.716,+0.969
1718660100,+3.08,+27.233, +7.612,+0.969
1718660220,+3.08,+27.428, -1.748,+0.000
1718660340,+3.09,+27.607, +7.417,+0.970
1718660460,+3.09,+27.598, +7.397,+0.969
1718660580,+3.08,+27.420, +7.426,+0.968
1718660700,+3.08,+27.174, +7.441,+0.970
1718660820,+3.09,+26.962, +7.468,+0.969
1718660940,+3.09,+26.750, +7.507,+0.969
1718661060,+3.09,+26.530, +7.529,+0.969
1718661180,+3.08,+26.318, +7.586,+0.969
1718661300,+3.09,+26.107, +7.646,+0.970
1718661420,+3.09,+25.921, +7.668,+0.969
1718661540,+3.09,+25.711, +7.700,+0.969
1718661660,+3.09,+25.517, +7.735,+0.969
1718661780,+3.09,+25.323, +7.777,+0.969
1718661900,+3.09,+25.130, +7.819,+0.969
1718662020,+3.09,+24.928, +7.833,+0.969
1718662140,+3.09,+25.290, -1.889,+0.000
1718662260,+3.09,+26.479, +8.449,+0.969
1718662380,+3.09,+27.182, +8.343,+0.969
1718662500,+3.09,+27.522, +8.348,+0.970
1718662620,+3.09,+27.709, +8.364,+0.969
1718662740,+3.09,+27.811, +8.260,+0.970
1718662860,+3.09,+27.879, +8.194,+0.970
1718662980,+3.09,+27.913, +8.203,+0.969
1718663100,+3.09,+27.956, +8.066,+0.969
1718663220,+3.09,+28.024, +8.307,+0.970
1718663340,+3.09,+28.041, +8.145,+0.968
1718663460,+3.09,+28.092, +8.357,+0.969
1718663580,+3.09,+28.118, +8.265,+0.971
1718663700,+3.09,+28.169, +8.379,+0.970
1718663820,+3.09,+28.178, +8.218,+0.969
1718663940,+3.09,+28.169, +8.233,+0.969
1718664060,+3.09,+28.186, +8.275,+0.970
1718664180,+3.09,+28.161, +8.110,+0.969
1718664300,+3.09,+28.161, +8.213,+0.970
1718664420,+3.09,+28.152, +8.196,+0.969
1718664540,+3.09,+28.126, +8.098,+0.970
1718664660,+3.09,+28.101, +8.119,+0.970
1718664780,+3.09,+28.143, +8.422,+0.969
1718664900,+3.09,+28.161, +8.129,+0.970
1718665020,+3.09,+28.118, +8.281,+0.971
1718665140,+3.09,+28.178, +8.338,+0.970
1718665260,+3.09,+28.152, +8.197,+0.970
1718665380,+3.09,+28.186, +8.340,+0.969
1718665500,+3.09,+28.195, +8.323,+0.969
1718665620,+3.09,+28.195, +8.331,+0.969
1718665740,+3.09,+28.186, +8.311,+0.970
1718665860,+3.09,+28.186, +8.403,+0.970
1718665980,+3.09,+28.186, +8.315,+0.970
1718666100,+3.09,+28.195, +8.373,+0.970
1718666220,+3.08,+28.229, +8.494,+0.970
1718666340,+3.08,+28.229, +8.279,+0.969
1718666460,+3.08,+28.220, +8.362,+0.970
1718666580,+3.08,+28.237, +8.388,+0.970
1718666700,+3.08,+28.237, +8.315,+0.970
1718666820,+3.09,+28.229, +8.435,+0.970
1718666940,+3.09,+28.186, +8.207,+0.970
1718667060,+3.08,+28.212, +8.316,+0.970
1718667180,+3.09,+28.195, +8.371,+0.970
1718667300,+3.09,+28.195, +8.285,+0.970
1718667420,+3.09,+28.161, +8.338,+0.970
1718667540,+3.09,+28.143, +8.387,+0.970
1718667660,+3.09,+28.152, +8.353,+0.970
1718667780,+3.09,+28.126, +8.248,+0.971
1718667900,+3.09,+28.152, +8.375,+0.970
1718668020,+3.09,+28.126, +8.285,+0.970
1718668140,+3.09,+28.143, +8.285,+0.970
1718668260,+3.09,+28.178, +8.436,+0.971
1718668380,+3.09,+28.152, +8.392,+0.970
1718668500,+3.09,+28.126, +8.301,+0.970
1718668620,+3.09,+28.152, +8.308,+0.970
1718668740,+3.09,+28.152, +8.330,+0.970
1718668860,+3.09,+28.195, +8.457,+0.970
1718668980,+3.08,+28.212, +8.388,+0.970
1718669100,+3.09,+28.178, +8.335,+0.970
1718669220,+3.08,+28.203, +8.440,+0.969
1718669340,+3.08,+28.195, +8.395,+0.970
1718669460,+3.08,+28.203, +8.445,+0.970
1718669580,+3.08,+28.212, +8.389,+0.970
1718669700,+3.08,+28.178, +8.447,+0.970
1718669820,+3.08,+28.169, +8.368,+0.970
1718669940,+3.08,+28.161, +8.322,+0.970
1718670060,+3.09,+28.143, +8.384,+0.969
1718670180,+3.09,+28.101, +8.444,+0.971
1718670300,+3.09,+28.092, +8.361,+0.969
1718670420,+3.09,+28.084, +8.446,+0.971
1718670540,+3.09,+28.050, +8.262,+0.970
1718670660,+3.09,+28.067, +8.421,+0.970
1718670780,+3.09,+28.050, +8.404,+0.971
1718670900,+3.09,+28.041, +8.244,+0.970
1718671020,+3.09,+28.041, +8.273,+0.970
1718671140,+3.09,+28.016, +8.212,+0.970
1718671260,+3.09,+28.041, +8.343,+0.970
1718671380,+3.09,+27.999, +8.290,+0.970
1718671500,+3.09,+28.007, +8.284,+0.971
1718671620,+3.09,+27.981, +8.387,+0.971
1718671740,+3.09,+27.981, +8.335,+0.971
1718671860,+3.09,+27.990, +8.330,+0.970
1718671980,+3.09,+27.973, +8.354,+0.971
1718672100,+3.09,+27.947, +8.195,+0.971
1718672220,+3.09,+27.964, +8.536,+0.971
1718672340,+3.09,+27.947, +8.316,+0.970
1718672460,+3.09,+27.930, +8.397,+0.971
1718672580,+3.09,+27.947, +8.439,+0.969
1718672700,+3.09,+27.964, +8.442,+0.971
1718672820,+3.09,+27.947, +8.307,+0.971
1718672940,+3.09,+27.956, +8.430,+0.971
1718673060,+3.09,+27.922, +8.352,+0.971
1718673180,+3.09,+27.930, +8.430,+0.970
1718673300,+3.09,+27.922, +8.342,+0.970
1718673420,+3.09,+27.922, +8.420,+0.970
1718673540,+3.09,+27.922, +8.478,+0.971
1718673660,+3.09,+27.922, +8.537,+0.972
1718673780,+3.09,+27.913, +8.446,+0.970
1718673900,+3.09,+27.922, +8.420,+0.971
1718674020,+3.09,+27.905, +8.492,+0.971
1718674140,+3.09,+27.905, +8.441,+0.971
1718674260,+3.09,+27.913, +8.368,+0.970
1718674380,+3.09,+27.905, +8.541,+0.971
1718674500,+3.09,+27.896, +8.442,+0.970
1718674620,+3.09,+27.879, +8.416,+0.970
1718674740,+3.09,+27.879, +8.541,+0.972
1718674860,+3.09,+27.862, +8.422,+0.971
1718674980,+3.09,+27.871, +8.373,+0.970
1718675100,+3.09,+27.837, +8.436,+0.971
1718675220,+3.09,+27.820, +8.256,+0.970
1718675340,+3.09,+27.828, +8.430,+0.971
1718675460,+3.09,+27.811, +8.466,+0.971
1718675580,+3.09,+27.803, +8.381,+0.971
1718675700,+3.09,+27.786, +8.390,+0.971
1718675820,+3.09,+27.786, +8.343,+0.970
1718675940,+3.09,+27.743, +8.424,+0.971
1718676060,+3.09,+27.743, +8.438,+0.971
1718676180,+3.09,+27.735, +8.275,+0.970
1718676300,+3.09,+27.675, +7.825,+0.970
1718676420,+3.09,+27.641, +8.232,+0.972
1718676540,+3.09,+27.598, +8.325,+0.973
1718676660,+3.09,+27.649, +8.480,+0.972
1718676780,+3.09,+27.666, +8.506,+0.972
1718676900,+3.09,+27.641, +8.082,+0.972
1718677020,+3.09,+27.590, +8.005,+0.971
1718677140,+3.09,+27.573, +8.127,+0.971
1718677260,+3.09,+27.564, +8.112,+0.972
1718677380,+3.09,+27.539, +8.044,+0.972
1718677500,+3.08,+27.539, +8.084,+0.972
1718677620,+3.08,+27.522, +8.000,+0.971
1718677740,+3.08,+27.505, +7.950,+0.972
1718677860,+3.08,+27.479, +7.975,+0.972
1718677980,+3.08,+27.488, +8.033,+0.971
1718678100,+3.08,+27.471, +8.044,+0.972
1718678220,+3.08,+27.471, +8.058,+0.972
1718678340,+3.08,+27.454, +7.834,+0.971
1718678460,+3.08,+27.428, +7.881,+0.972
1718678580,+3.08,+27.411, +8.003,+0.972
1718678700,+3.08,+27.394, +7.772,+0.971
1718678820,+3.08,+27.386, +7.871,+0.971
1718678940,+3.08,+27.360, +7.857,+0.971
1718679060,+3.08,+27.343, +7.671,+0.971
1718679180,+3.08,+27.318, +7.714,+0.971
1718679300,+3.08,+27.309, +7.858,+0.972
1718679420,+3.08,+27.292, +7.547,+0.972
1718679540,+3.08,+27.276, +7.641,+0.972
1718679660,+3.08,+27.267, +7.782,+0.972
1718679780,+3.08,+27.233, +7.427,+0.971
1718679900,+3.08,+27.225, +7.539,+0.972
1718680020,+3.08,+27.216, +7.373,+0.971
1718680140,+3.08,+27.157, +7.252,+0.971
1718680260,+3.08,+27.174, +7.377,+0.971
1718680380,+3.09,+27.165, +7.339,+0.971
1718680500,+3.08,+27.157, +7.199,+0.970
1718680620,+3.08,+27.148, +7.459,+0.971
1718680740,+3.09,+27.123, +7.504,+0.971
1718680860,+3.09,+27.114, +7.312,+0.971
1718680980,+3.08,+27.131, +7.546,+0.971
1718681100,+3.09,+27.114, +7.441,+0.971
1718681220,+3.09,+27.080, +7.450,+0.971
1718681340,+3.09,+27.072, +7.470,+0.971
1718681460,+3.09,+27.046, +7.231,+0.970
1718681580,+3.09,+27.055, +7.390,+0.971
1718681700,+3.09,+27.055, +7.414,+0.971
1718681820,+3.09,+27.029, +7.332,+0.970
1718681940,+3.09,+27.021, +7.370,+0.970
1718682060,+3.09,+27.021, +7.419,+0.971
1718682180,+3.09,+27.038, +7.387,+0.970
1718682300,+3.09,+27.038, +7.385,+0.970
1718682420,+3.09,+27.004, +7.440,+0.971
1718682540,+3.09,+26.979, +7.374,+0.971
1718682660,+3.09,+26.970, +7.357,+0.971
1718682780,+3.09,+26.970, +7.502,+0.970
1718682900,+3.09,+26.970, +7.326,+0.970
1718683020,+3.09,+26.919, +7.224,+0.971
1718683140,+3.09,+26.928, +7.299,+0.970
1718683260,+3.09,+26.919, +7.305,+0.970
1718683380,+3.09,+26.945, +7.401,+0.971
1718683500,+3.09,+26.928, +7.257,+0.970
1718683620,+3.09,+26.894, +7.286,+0.970
1718683740,+3.09,+26.885, +7.228,+0.969
1718683860,+3.09,+26.868, +7.262,+0.970
1718683980,+3.09,+26.851, +7.267,+0.969
1718684100,+3.09,+26.851, +7.338,+0.971
1718684220,+3.09,+26.851, +7.082,+0.970
1718684340,+3.09,+26.835, +7.299,+0.970
1718684460,+3.09,+26.826, +7.314,+0.970
1718684580,+3.09,+26.818, +7.149,+0.970
1718684700,+3.09,+26.792, +7.162,+0.969
1718684820,+3.09,+26.801, +7.177,+0.970
1718684940,+3.09,+26.801, +7.165,+0.969
1718685060,+3.09,+26.750, +7.198,+0.970
1718685180,+3.09,+26.775, +7.305,+0.970
1718685300,+3.09,+26.767, +7.275,+0.969
1718685420,+3.09,+26.733, +7.046,+0.970
1718685540,+3.09,+26.767, +7.081,+0.971
1718685660,+3.09,+26.750, +7.051,+0.970
1718685780,+3.09,+26.733, +7.289,+0.969
1718685900,+3.09,+26.716, +7.200,+0.970
1718686020,+3.09,+26.657, +6.743,+0.969
1718686140,+3.09,+26.691, +7.177,+0.969
1718686260,+3.09,+26.707, +7.144,+0.969
1718686380,+3.09,+26.699, +6.986,+0.970
1718686500,+3.09,+26.581, +7.057,+0.970
1718686620,+3.09,+26.631, +7.029,+0.969
1718686740,+3.09,+26.623, +6.877,+0.970
1718686860,+3.09,+26.597, +6.970,+0.970
1718686980,+3.09,+26.631, +7.079,+0.969
1718687100,+3.09,+26.631, +7.090,+0.970
1718687220,+3.09,+26.640, +7.128,+0.970
1718687340,+3.09,+26.597, +6.842,+0.969
1718687460,+3.09,+26.547, +6.933,+0.969
1718687580,+3.09,+26.572, +7.032,+0.969
1718687700,+3.09,+26.513, +6.715,+0.969
1718687820,+3.09,+26.581, +7.198,+0.970
1718687940,+3.09,+26.581, +6.813,+0.969
1718688060,+3.09,+26.437, +6.840,+0.969
1718688180,+3.09,+26.445, +6.850,+0.968
1718688300,+3.09,+26.454, +6.908,+0.969
1718688420,+3.09,+26.454, +6.755,+0.969
1718688540,+3.09,+26.504, +6.959,+0.969
1718688660,+3.09,+26.504, +6.933,+0.968
1718688780,+3.08,+26.352, +6.675,+0.968
1718688900,+3.08,+26.378, +6.940,+0.969
1718689020,+3.09,+26.445, +6.937,+0.969
1718689140,+3.09,+26.471, +7.032,+0.969
1718689260,+3.09,+26.513, +6.904,+0.969
1718689380,+3.09,+26.420, +6.784,+0.968
1718689500,+3.08,+26.352, +6.837,+0.970
1718689620,+3.09,+26.445, +6.924,+0.968
1718689740,+3.08,+26.318, +6.812,+0.969
1718689860,+3.08,+26.335, +6.960,+0.970
1718689980,+3.08,+26.369, +6.746,+0.968
1718690100,+3.08,+26.268, +6.832,+0.969
1718690220,+3.08,+26.335, +6.931,+0.969
1718690340,+3.08,+26.301, +6.824,+0.968
1718690460,+3.09,+26.242, +6.828,+0.968
1718690580,+3.08,+26.259, +6.904,+0.969
1718690700,+3.08,+26.285, +6.814,+0.969
1718690820,+3.09,+26.209, +6.788,+0.968
1718690940,+3.09,+26.217, +6.858,+0.968
1718691060,+3.08,+26.310, +6.995,+0.969
1718691180,+3.08,+26.276, +6.889,+0.969
1718691300,+3.09,+26.225, +6.878,+0.968
1718691420,+3.09,+26.268, +6.959,+0.969
1718691540,+3.09,+26.192, +6.897,+0.969
1718691660,+3.09,+26.259, +6.905,+0.968
1718691780,+3.09,+26.225, +6.982,+0.968
1718691900,+3.09,+26.200, +6.872,+0.968
1718692020,+3.09,+26.175, +6.892,+0.968
1718692140,+3.09,+26.175, +6.821,+0.968
1718692260,+3.09,+26.166, +6.755,+0.968
1718692380,+3.09,+26.149, +6.723,+0.968
1718692500,+3.09,+26.116, +6.960,+0.969
1718692620,+3.09,+26.116, +6.906,+0.969
1718692740,+3.09,+26.099, +6.923,+0.968
1718692860,+3.09,+26.133, +6.996,+0.969
1718692980,+3.09,+26.141, +6.774,+0.968
1718693100,+3.09,+26.149, +6.926,+0.968
1718693220,+3.09,+26.124, +6.954,+0.968
1718693340,+3.09,+26.133, +6.884,+0.969
1718693460,+3.09,+26.090, +6.950,+0.969
1718693580,+3.09,+26.090, +6.883,+0.968
1718693700,+3.09,+26.107, +6.939,+0.968
1718693820,+3.09,+26.082, +6.979,+0.968
1718693940,+3.09,+26.082, +6.915,+0.968
1718694060,+3.09,+26.099, +6.941,+0.968
1718694180,+3.09,+26.107, +6.960,+0.969
1718694300,+3.09,+26.116, +6.992,+0.968
1718694420,+3.09,+26.090, +6.835,+0.968
1718694540,+3.09,+26.065, +6.968,+0.968
1718694660,+3.09,+26.107, +7.007,+0.968
1718694780,+3.09,+26.090, +6.940,+0.969
1718694900,+3.09,+26.107, +6.894,+0.968
1718695020,+3.09,+26.090, +7.009,+0.969
1718695140,+3.09,+26.107, +6.983,+0.969
1718695260,+3.09,+26.099, +6.950,+0.968
1718695380,+3.09,+26.099, +6.965,+0.968
1718695500,+3.09,+26.090, +6.990,+0.968
1718695620,+3.09,+26.073, +6.900,+0.969
1718695740,+3.09,+26.082, +6.947,+0.968
1718695860,+3.09,+26.082, +6.892,+0.968
1718695980,+3.09,+26.065, +6.932,+0.968
1718696100,+3.09,+26.057, +7.012,+0.968
1718696220,+3.09,+26.040, +6.966,+0.968
1718696340,+3.09,+26.048, +6.927,+0.968
1718696460,+3.09,+26.040, +6.968,+0.968
1718696580,+3.09,+26.040, +7.004,+0.968
1718696700,+3.09,+26.031, +6.901,+0.968
1718696820,+3.09,+26.040, +6.992,+0.968
1718696940,+3.09,+26.040, +6.962,+0.968
1718697060,+3.09,+26.023, +6.953,+0.968
1718697180,+3.09,+26.023, +6.903,+0.968
1718697300,+3.09,+26.031, +6.970,+0.968
1718697420,+3.09,+26.031, +6.974,+0.968
1718697540,+3.09,+26.014, +6.958,+0.968
1718697660,+3.09,+26.014, +6.990,+0.968
1718697780,+3.09,+26.023, +7.013,+0.968
1718697900,+3.09,+26.031, +7.024,+0.968
1718698020,+3.09,+26.014, +7.036,+0.968
1718698140,+3.09,+26.006, +7.016,+0.968
1718698260,+3.09,+25.997, +7.049,+0.968
1718698380,+3.09,+25.997, +7.049,+0.968
1718698500,+3.09,+26.023, +7.009,+0.968
1718698620,+3.09,+26.014, +7.035,+0.968
1718698740,+3.09,+26.023, +7.045,+0.969
1718698860,+3.09,+26.014, +7.041,+0.968
1718698980,+3.09,+26.023, +7.039,+0.968
1718699100,+3.09,+26.048, +7.049,+0.969
1718699220,+3.09,+26.057, +7.040,+0.969
1718699340,+3.09,+26.040, +7.058,+0.968
1718699460,+3.09,+25.964, +7.111,+0.969
1718699580,+3.09,+25.981, +7.050,+0.968
1718699700,+3.09,+25.981, +7.050,+0.968
1718699820,+3.09,+25.981, +7.035,+0.968
1718699940,+3.09,+26.006, +7.044,+0.968
1718700060,+3.09,+25.972, +7.076,+0.968
1718700180,+3.09,+25.955, +7.060,+0.968
1718700300,+3.09,+25.964, +7.042,+0.968
1718700420,+3.09,+25.981, +7.015,+0.968
1718700540,+3.09,+25.964, +7.038,+0.968
1718700660,+3.09,+25.955, +7.076,+0.969
1718700780,+3.09,+25.930, +7.088,+0.968
1718700900,+3.09,+25.964, +7.054,+0.969
1718701020,+3.09,+25.947, +7.072,+0.968
1718701140,+3.09,+25.930, +7.071,+0.969
1718701260,+3.09,+25.964, +7.055,+0.968
1718701380,+3.09,+25.930, +7.075,+0.968
1718701500,+3.09,+25.938, +7.061,+0.968
1718701620,+3.09,+25.930, +7.049,+0.968
1718701740,+3.09,+25.938, +7.055,+0.969
1718701860,+3.09,+25.930, +7.053,+0.968
1718701980,+3.09,+25.930, +7.045,+0.968
1718702100,+3.09,+25.930, +7.021,+0.968
1718702220,+3.09,+25.896, +7.049,+0.968
1718702340,+3.09,+25.896, +7.057,+0.968
1718702460,+3.09,+25.913, +7.061,+0.969
1718702580,+3.09,+25.879, +7.063,+0.968
1718702700,+3.09,+25.888, +7.062,+0.968
1718702820,+3.09,+25.896, +7.061,+0.968
1718702940,+3.09,+25.896, +7.049,+0.967
1718703060,+3.09,+25.888, +7.034,+0.967
1718703180,+3.09,+25.921, +7.049,+0.969
1718703300,+3.09,+25.905, +7.050,+0.968
1718703420,+3.09,+25.879, +7.100,+0.968
1718703540,+3.09,+25.896, +7.037,+0.968
1718703660,+3.09,+25.888, +7.058,+0.968
1718703780,+3.09,+25.879, +7.048,+0.968
1718703900,+3.09,+25.879, +7.024,+0.967
1718704020,+3.09,+25.862, +7.037,+0.968
1718704140,+3.09,+25.812, +7.063,+0.968
1718704260,+3.09,+25.803, +7.055,+0.968
1718704380,+3.09,+25.829, +7.025,+0.968
1718704500,+3.09,+25.820, +7.028,+0.968
1718704620,+3.09,+25.829, +7.031,+0.968
1718704740,+3.09,+25.803, +7.038,+0.968
1718704860,+3.09,+25.837, +7.002,+0.968
1718704980,+3.09,+25.803, +7.034,+0.968
1718705100,+3.09,+25.736, +7.105,+0.968
1718705220,+3.09,+25.753, +7.029,+0.968
1718705340,+3.09,+25.761, +7.025,+0.969
1718705460,+3.09,+25.778, +7.006,+0.968
1718705580,+3.09,+25.753, +7.033,+0.967
1718705700,+3.09,+25.736, +7.040,+0.968
1718705820,+3.09,+25.728, +7.016,+0.967
1718705940,+3.09,+25.719, +7.021,+0.968
1718706060,+3.09,+25.711, +7.021,+0.968
1718706180,+3.09,+25.728, +7.004,+0.968
1718706300,+3.09,+25.728, +7.021,+0.968
1718706420,+3.09,+25.685, +7.043,+0.967
1718706540,+3.09,+25.711, +7.004,+0.968
1718706660,+3.09,+25.728, +7.022,+0.968
1718706780,+3.09,+25.728, +7.012,+0.968
1718706900,+3.09,+25.719, +7.017,+0.968
1718707020,+3.09,+25.728, +7.021,+0.968
1718707140,+3.09,+25.744, +6.991,+0.968
1718707260,+3.09,+25.744, +6.993,+0.968
1718707380,+3.09,+25.744, +7.010,+0.968
1718707500,+3.09,+25.744, +7.005,+0.967
1718707620,+3.09,+25.719, +7.002,+0.967
1718707740,+3.09,+25.719, +7.021,+0.968
1718707860,+3.09,+25.711, +6.995,+0.968
1718707980,+3.09,+25.685, +7.019,+0.968
1718708100,+3.09,+25.711, +7.004,+0.969
1718708220,+3.09,+25.694, +7.005,+0.968
1718708340,+3.09,+25.685, +7.001,+0.968
1718708460,+3.09,+25.669, +6.994,+0.968
1718708580,+3.09,+25.626, +7.031,+0.968
1718708700,+3.09,+25.635, +7.005,+0.967
1718708820,+3.09,+25.593, +7.021,+0.967
1718708940,+3.09,+25.601, +7.003,+0.967
1718709060,+3.09,+25.576, +7.030,+0.967
1718709180,+3.09,+25.567, +7.007,+0.967
1718709300,+3.09,+25.567, +6.982,+0.968
1718709420,+3.09,+25.551, +7.014,+0.968
1718709540,+3.09,+25.551, +7.014,+0.968
1718709660,+3.09,+25.508, +6.969,+0.968
1718709780,+3.09,+25.534, +6.991,+0.968
1718709900,+3.09,+25.525, +7.022,+0.967
1718710020,+3.09,+25.517, +6.977,+0.967
1718710140,+3.09,+25.517, +7.018,+0.967
1718710260,+3.09,+25.475, +7.014,+0.967
1718710380,+3.09,+25.466, +7.036,+0.967
1718710500,+3.09,+25.441, +7.039,+0.968
1718710620,+3.09,+25.483, +6.930,+0.967
1718710740,+3.09,+25.449, +7.001,+0.967
1718710860,+3.09,+25.407, +6.961,+0.968
1718710980,+3.09,+25.416, +7.024,+0.968
1718711100,+3.09,+25.374, +6.901,+0.967
1718711220,+3.09,+25.399, +6.895,+0.967
1718711340,+3.09,+25.382, +6.985,+0.967
1718711460,+3.09,+25.348, +7.037,+0.968
1718711580,+3.09,+25.357, +6.971,+0.967
1718711700,+3.09,+25.315, +7.009,+0.967
1718711820,+3.09,+25.332, +7.012,+0.968
1718711940,+3.09,+25.332, +6.980,+0.967
1718712060,+3.09,+25.332, +6.990,+0.967
1718712180,+3.09,+25.298, +6.935,+0.967
1718712300,+3.09,+25.315, +6.920,+0.968
1718712420,+3.09,+25.298, +6.890,+0.967
1718712540,+3.09,+25.315, +6.999,+0.967
1718712660,+3.09,+25.306, +6.929,+0.967
1718712780,+3.09,+25.315, +6.987,+0.968
1718712900,+3.09,+25.298, +6.936,+0.967
1718713020,+3.09,+25.247, +6.847,+0.967
1718713140,+3.09,+25.247, +6.969,+0.967
1718713260,+3.09,+25.205, +7.034,+0.967
1718713380,+3.09,+25.189, +7.027,+0.967
1718713500,+3.09,+25.172, +6.817,+0.967
1718713620,+3.09,+25.155, +6.958,+0.967
1718713740,+3.09,+25.146, +7.022,+0.967
1718713860,+3.09,+25.113, +6.761,+0.966
1718713980,+3.09,+25.138, +6.859,+0.966
1718714100,+3.09,+25.113, +6.887,+0.967
1718714220,+3.09,+25.096, +6.855,+0.967
1718714340,+3.09,+25.113, +6.870,+0.968
1718714460,+3.09,+25.104, +6.975,+0.967
1718714580,+3.09,+25.096, +6.932,+0.968
1718714700,+3.09,+25.079, +6.980,+0.967
1718714820,+3.09,+25.096, +6.783,+0.967
1718714940,+3.09,+25.062, +6.928,+0.967
1718715060,+3.09,+25.062, +6.967,+0.967
1718715180,+3.09,+25.046, +6.991,+0.967
1718715300,+3.09,+25.037, +6.968,+0.968
1718715420,+3.09,+25.037, +6.822,+0.966
1718715540,+3.09,+25.037, +6.968,+0.966
1718715660,+3.09,+25.020, +6.916,+0.967
1718715780,+3.09,+25.054, +6.949,+0.967
1718715900,+3.09,+25.029, +6.847,+0.966
1718716020,+3.09,+24.987, +6.816,+0.966
1718716140,+3.09,+25.012, +6.873,+0.967
1718716260,+3.09,+24.978, +6.894,+0.966
1718716380,+3.09,+24.987, +6.729,+0.967
1718716500,+3.09,+24.978, +6.827,+0.967
1718716620,+3.09,+24.961, +6.850,+0.967
1718716740,+3.09,+24.936, +6.912,+0.967
1718716860,+3.09,+24.936, +6.908,+0.967
1718716980,+3.09,+24.894, +6.886,+0.967
1718717100,+3.09,+24.894, +6.877,+0.966
1718717220,+3.09,+24.911, +6.711,+0.967
1718717340,+3.09,+24.886, +6.719,+0.966
1718717460,+3.09,+24.869, +6.896,+0.968
1718717580,+3.09,+24.869, +6.906,+0.966
1718717700,+3.09,+24.861, +6.900,+0.967
1718717820,+3.09,+24.869, +6.804,+0.966
1718717940,+3.09,+24.861, +6.802,+0.967
1718718060,+3.09,+24.844, +6.826,+0.967
1718718180,+3.09,+24.844, +6.952,+0.967
1718718300,+3.09,+24.852, +6.783,+0.967
1718718420,+3.09,+24.852, +6.794,+0.967
1718718540,+3.09,+24.844, +6.784,+0.967
1718718660,+3.09,+24.844, +6.769,+0.966
1718718780,+3.09,+24.852, +6.748,+0.966
1718718900,+3.09,+24.852, +6.750,+0.967
1718719020,+3.09,+24.810, +6.733,+0.966
1718719140,+3.09,+24.819, +6.660,+0.967
1718719260,+3.09,+24.819, +6.743,+0.967
1718719380,+3.09,+24.810, +6.699,+0.966
1718719500,+3.09,+24.785, +6.753,+0.967
1718719620,+3.09,+24.777, +6.729,+0.966
1718719740,+3.09,+24.777, +6.732,+0.967
1718719860,+3.09,+24.760, +6.741,+0.966
1718719980,+3.09,+24.768, +6.655,+0.966
1718720100,+3.09,+24.802, +6.555,+0.966
1718720220,+3.09,+24.802, +6.630,+0.966
1718720340,+3.09,+24.802, +6.736,+0.967
1718720460,+3.09,+24.835, +6.476,+0.966
1718720580,+3.09,+24.827, +6.524,+0.967
1718720700,+3.09,+24.835, +6.525,+0.967
1718720820,+3.09,+24.819, +6.652,+0.966
1718720940,+3.09,+24.793, +6.617,+0.967
1718721060,+3.09,+24.802, +6.446,+0.966
1718721180,+3.09,+24.802, +6.504,+0.966
1718721300,+3.09,+24.785, +6.573,+0.967
1718721420,+3.09,+24.802, +6.546,+0.967
1718721540,+3.09,+24.777, +6.570,+0.966
1718721660,+3.09,+24.785, +6.385,+0.966
1718721780,+3.09,+24.777, +6.523,+0.966
1718721900,+3.09,+24.785, +6.481,+0.965
1718722020,+3.09,+24.751, +6.642,+0.966
1718722140,+3.09,+24.777, +6.339,+0.966
1718722260,+3.09,+24.793, +6.625,+0.967
1718722380,+3.09,+24.735, +6.602,+0.966
1718722500,+3.09,+24.785, +6.248,+0.966
1718722620,+3.09,+24.777, +6.377,+0.966
1718722740,+3.09,+24.777, +6.592,+0.967
1718722860,+3.09,+24.793, +6.488,+0.967
1718722980,+3.09,+24.735, +6.557,+0.967
1718723100,+3.09,+24.735, +6.602,+0.966
1718723220,+3.09,+24.701, +6.509,+0.966
1718723340,+3.09,+24.667, +6.649,+0.967
1718723460,+3.09,+24.684, +6.475,+0.966
1718723580,+3.09,+24.651, +6.361,+0.966
1718723700,+3.09,+24.693, +6.293,+0.966
1718723820,+3.09,+24.684, +6.387,+0.966
1718723940,+3.09,+24.693, +6.325,+0.966
1718724060,+3.09,+24.693, +6.303,+0.966
1718724180,+3.09,+24.709, +6.361,+0.966
1718724300,+3.09,+24.735, +6.242,+0.966
1718724420,+3.09,+24.768, +6.365,+0.966
1718724540,+3.09,+24.709, +6.472,+0.966
1718724660,+3.09,+24.718, +6.278,+0.966
1718724780,+3.09,+24.760, +6.255,+0.966
1718724900,+3.09,+24.869, +6.175,+0.966
1718725020,+3.09,+24.844, +6.195,+0.967
1718725140,+3.09,+24.835, +6.230,+0.967
1718725260,+3.09,+24.877, +6.348,+0.966
1718725380,+3.09,+24.852, +6.150,+0.966
1718725500,+3.09,+24.768, +6.321,+0.966
1718725620,+3.09,+24.701, +6.505,+0.967
1718725740,+3.09,+24.684, +6.255,+0.966
1718725860,+3.09,+24.777, +6.242,+0.966
1718725980,+3.09,+24.785, +6.158,+0.966
1718726100,+3.09,+24.835, +6.098,+0.966
1718726220,+3.09,+24.877, +6.175,+0.966
1718726340,+3.09,+24.760, +6.439,+0.966
1718726460,+3.09,+24.718, +6.507,+0.966
1718726580,+3.09,+24.735, +6.367,+0.966
1718726700,+3.09,+24.718, +6.321,+0.966
1718726820,+3.09,+24.718, +6.429,+0.966
1718726940,+3.09,+24.684, +6.403,+0.966
1718727060,+3.09,+24.709, +6.338,+0.966
1718727180,+3.09,+24.709, +6.634,+0.965
1718727300,+3.09,+24.642, +6.800,+0.966
1718727420,+3.09,+24.642, +6.692,+0.966
1718727540,+3.09,+24.667, +6.524,+0.965
1718727660,+3.09,+24.676, +6.665,+0.966
1718727780,+3.09,+24.634, +6.715,+0.967
1718727900,+3.09,+24.659, +6.745,+0.966
1718728020,+3.09,+24.667, +6.601,+0.966
1718728140,+3.09,+24.676, +6.737,+0.966
1718728260,+3.09,+24.651, +6.718,+0.966
1718728380,+3.09,+24.634, +6.632,+0.966
1718728500,+3.09,+24.642, +6.597,+0.966
1718728620,+3.09,+24.651, +6.651,+0.966
1718728740,+3.09,+24.625, +6.920,+0.966
1718728860,+3.09,+24.609, +6.758,+0.966
1718728980,+3.09,+24.617, +6.781,+0.966
1718729100,+3.09,+24.625, +6.968,+0.966
1718729220,+3.09,+24.609, +6.762,+0.966
1718729340,+3.09,+24.575, +6.834,+0.966
1718729460,+3.09,+24.592, +6.804,+0.966
1718729580,+3.09,+24.617, +6.933,+0.966
1718729700,+3.09,+24.600, +6.776,+0.966
1718729820,+3.09,+24.592, +6.944,+0.966
1718729940,+3.09,+24.609, +6.891,+0.965
1718730060,+3.09,+24.592, +6.962,+0.966
1718730180,+3.09,+24.609, +6.740,+0.966
1718730300,+3.09,+24.634, +6.943,+0.966
1718730420,+3.09,+24.642, +7.031,+0.966
1718730540,+3.09,+24.651, +6.794,+0.966
1718730660,+3.09,+24.659, +6.819,+0.967
1718730780,+3.09,+24.651, +6.817,+0.967
1718730900,+3.09,+24.659, +7.021,+0.966
1718731020,+3.09,+24.642, +7.040,+0.966
1718731140,+3.09,+24.701, +6.942,+0.966
1718731260,+3.09,+24.726, +6.932,+0.966
1718731380,+3.09,+24.735, +7.035,+0.966
1718731500,+3.09,+24.751, +6.851,+0.967
1718731620,+3.09,+24.793, +6.938,+0.966
1718731740,+3.09,+24.827, +7.080,+0.966
1718731860,+3.09,+24.844, +7.092,+0.966
1718731980,+3.09,+24.903, +6.901,+0.966
1718732100,+3.09,+24.911, +7.217,+0.967
1718732220,+3.09,+24.945, +7.040,+0.966
1718732340,+3.09,+24.970, +7.025,+0.966
1718732460,+3.09,+24.995, +7.143,+0.966
1718732580,+3.09,+25.046, +7.071,+0.966
1718732700,+3.09,+25.096, +7.175,+0.966
1718732820,+3.09,+25.079, +7.283,+0.966
1718732940,+3.09,+25.096, +7.276,+0.966
1718733060,+3.09,+25.104, +7.140,+0.966
1718733180,+3.09,+25.121, +7.224,+0.966
1718733300,+3.09,+25.138, +7.277,+0.967
1718733420,+3.09,+25.163, +7.283,+0.967
1718733540,+3.09,+25.180, +7.286,+0.967
1718733660,+3.09,+25.231, +7.375,+0.967
1718733780,+3.09,+25.264, +7.378,+0.967
1718733900,+3.09,+25.290, +7.405,+0.967
1718734020,+3.09,+25.298, +7.434,+0.967
1718734140,+3.09,+25.298, +7.515,+0.967
1718734260,+3.09,+25.281, +7.525,+0.968
1718734380,+3.09,+25.290, +7.530,+0.967
1718734500,+3.09,+25.281, +7.520,+0.967
1718734620,+3.09,+25.323, +7.525,+0.966
1718734740,+3.09,+25.298, +7.483,+0.967
1718734860,+3.09,+25.323, +7.543,+0.967
1718734980,+3.09,+25.332, +7.530,+0.967
1718735100,+3.09,+25.340, +7.553,+0.968
1718735220,+3.09,+25.357, +7.553,+0.967
1718735340,+3.09,+25.348, +7.568,+0.967
1718735460,+3.09,+25.357, +7.571,+0.967
1718735580,+3.09,+25.357, +7.558,+0.967
1718735700,+3.09,+25.365, +7.570,+0.968
1718735820,+3.09,+25.332, +7.594,+0.967
1718735940,+3.09,+25.340, +7.586,+0.966
1718736060,+3.09,+25.315, +7.606,+0.967
1718736180,+3.09,+25.298, +7.614,+0.967
1718736300,+3.09,+25.298, +7.615,+0.967
1718736420,+3.09,+25.348, +7.607,+0.967
1718736540,+3.09,+25.332, +7.637,+0.967
1718736660,+3.09,+25.365, +7.604,+0.967
1718736780,+3.09,+25.374, +7.627,+0.966
1718736900,+3.09,+25.365, +7.648,+0.967
1718737020,+3.09,+25.357, +7.652,+0.967
1718737140,+3.09,+25.382, +7.634,+0.967
1718737260,+3.09,+25.382, +7.664,+0.967
1718737380,+3.09,+25.407, +7.611,+0.967
1718737500,+3.09,+25.340, +7.648,+0.967
1718737620,+3.09,+25.382, +7.667,+0.968
1718737740,+3.09,+25.416, +7.656,+0.967
1718737860,+3.09,+25.391, +7.706,+0.967
1718737980,+3.09,+25.433, +7.692,+0.967
1718738100,+3.09,+25.458, +7.726,+0.967
1718738220,+3.09,+25.475, +7.768,+0.968
1718738340,+3.09,+25.534, +7.796,+0.967
1718738460,+3.09,+25.567, +7.767,+0.966
1718738580,+3.09,+25.508, +7.830,+0.968
1718738700,+3.09,+25.567, +7.839,+0.967
1718738820,+3.09,+25.660, +7.835,+0.969
1718738940,+3.09,+25.719, +7.807,+0.968
1718739060,+3.09,+25.694, +7.826,+0.968
1718739180,+3.09,+25.711, +7.832,+0.967
1718739300,+3.09,+25.736, +7.862,+0.967
1718739420,+3.09,+25.761, +7.865,+0.968
1718739540,+3.09,+25.744, +7.869,+0.969
1718739660,+3.09,+25.761, +7.914,+0.968
1718739780,+3.09,+25.812, +7.926,+0.968
1718739900,+3.09,+25.803, +7.942,+0.967
1718740020,+3.09,+25.787, +7.942,+0.968
1718740140,+3.09,+25.778, +7.948,+0.968
1718740260,+3.09,+25.770, +7.885,+0.968
1718740380,+3.09,+25.770, +7.942,+0.968
1718740500,+3.09,+25.812, +7.931,+0.968
1718740620,+3.09,+25.837, +7.953,+0.969
1718740740,+3.09,+25.862, +7.941,+0.967
1718740860,+3.09,+25.862, +7.875,+0.967
1718740980,+3.09,+25.871, +7.947,+0.969
1718741100,+3.09,+25.905, +7.961,+0.969
1718741220,+3.09,+25.921, +7.959,+0.969
1718741340,+3.09,+25.938, +7.990,+0.968
1718741460,+3.09,+25.947, +7.999,+0.967
1718741580,+3.09,+25.981, +7.929,+0.967
1718741700,+3.09,+26.014, +8.014,+0.967
1718741820,+3.09,+26.006, +7.926,+0.967
1718741940,+3.09,+25.997, +8.022,+0.969
1718742060,+3.09,+26.057, +8.068,+0.970
1718742180,+3.09,+26.048, +7.942,+0.968
1718742300,+3.09,+26.023, +8.051,+0.969
1718742420,+3.09,+26.082, +8.037,+0.968
1718742540,+3.09,+26.082, +8.061,+0.968
1718742660,+3.09,+26.090, +8.086,+0.968
1718742780,+3.09,+26.099, +8.014,+0.969
1718742900,+3.09,+26.099, +8.099,+0.969
1718743020,+3.09,+26.116, +8.117,+0.969
1718743140,+3.09,+26.149, +8.106,+0.969
1718743260,+3.09,+26.149, +8.141,+0.968
1718743380,+3.09,+26.158, +8.121,+0.969
1718743500,+3.09,+26.175, +8.207,+0.970
1718743620,+3.09,+26.200, +8.229,+0.970
1718743740,+3.09,+26.259, +8.230,+0.967
1718743860,+3.09,+26.234, +8.122,+0.967
1718743980,+3.09,+26.217, +8.123,+0.969
1718744100,+3.09,+26.242, +8.203,+0.970
1718744220,+3.09,+26.209, +8.108,+0.968
1718744340,+3.09,+26.175, +8.187,+0.969
1718744460,+3.09,+26.242, +8.236,+0.968
1718744580,+3.09,+26.276, +8.291,+0.968
1718744700,+3.09,+26.276, +8.256,+0.968
1718744820,+3.09,+26.293, +8.282,+0.969
1718744940,+3.09,+26.268, +8.229,+0.969
1718745060,+3.09,+26.318, +8.335,+0.969
1718745180,+3.09,+26.361, +8.407,+0.970
1718745300,+3.09,+26.378, +8.389,+0.969
